DATASET_PIECHART
SEPARATOR COMMA
DATASET_LABEL,Genome completeness (%)
COLOR,#ff0000
FIELD_COLORS,#ff0000,#00ff00
FIELD_LABELS,Completeness,Incomplete
DATA
Exp3_MAG_191,-1,1,97.1831,2.8169
CP010517,-1,1,100,0
Exp3_MAG_156,-1,1,97.1831,2.8169
Exp3_MAG_88,-1,1,100,0
Exp3_MAG_209,-1,1,100,0
Exp3_MAG_12,-1,1,97.1831,2.8169
Exp3_MAG_155,-1,1,67.6056,32.3944
Exp3_MAG_76,-1,1,74.6479,25.3521
Exp3_MAG_216,-1,1,59.1549,40.8451
Exp3_MAG_178,-1,1,100,0
Exp3_MAG_126,-1,1,95.7746,4.22535
Exp3_MAG_75,-1,1,98.5915,1.40845
Exp3_MAG_71,-1,1,98.5915,1.40845
Exp3_MAG_72,-1,1,71.831,28.169
Exp3_MAG_176,-1,1,97.1831,2.8169
GROW_118_consensus,-1,1,100,0
GROW_116_consensus,-1,1,100,0
Exp3_MAG_268,-1,1,98.5915,1.40845
Exp3_MAG_52,-1,1,98.5915,1.40845
Exp3_MAG_120,-1,1,92.9577,7.04225
Exp3_MAG_51,-1,1,97.1831,2.8169
Exp3_MAG_134,-1,1,92.9577,7.04225
Exp3_MAG_190,-1,1,97.1831,2.8169
Exp3_MAG_184,-1,1,98.5915,1.40845
Exp3_MAG_219,-1,1,91.5493,8.4507
Exp3_MAG_34,-1,1,97.1831,2.8169
Exp3_MAG_175,-1,1,56.338,43.662
Exp3_MAG_251,-1,1,61.9718,38.0282
Exp3_MAG_207,-1,1,98.5915,1.40845
Exp3_MAG_24,-1,1,98.5915,1.40845
Exp3_MAG_167,-1,1,69.0141,30.9859
Exp3_MAG_98,-1,1,84.507,15.493
Exp3_MAG_217,-1,1,95.7746,4.22535
Exp3_MAG_159,-1,1,90.1408,9.85915
Exp3_MAG_128,-1,1,98.5915,1.40845
Exp3_MAG_15,-1,1,98.5915,1.40845
Exp3_MAG_108,-1,1,57.7465,42.2535
Exp3_MAG_225,-1,1,78.8732,21.1268
Exp3_MAG_30,-1,1,98.5915,1.40845
Exp3_MAG_89,-1,1,84.507,15.493
Exp3_MAG_171,-1,1,80.2817,19.7183
Exp3_MAG_180,-1,1,84.507,15.493
Exp3_MAG_80,-1,1,73.2394,26.7606
Exp3_MAG_223,-1,1,97.1831,2.8169
Exp3_MAG_91,-1,1,64.7887,35.2113
Exp3_MAG_274,-1,1,97.1831,2.8169
Exp3_MAG_55,-1,1,98.5915,1.40845
Exp3_MAG_65,-1,1,95.7746,4.22535
Exp3_MAG_36,-1,1,98.5915,1.40845
Exp3_MAG_221,-1,1,74.6479,25.3521
Exp3_MAG_26,-1,1,100,0
Exp3_MAG_181,-1,1,100,0
Exp3_MAG_133,-1,1,73.2394,26.7606
Exp3_MAG_247,-1,1,71.831,28.169
Exp3_MAG_250,-1,1,64.7887,35.2113
Exp3_MAG_265,-1,1,83.0986,16.9014
Exp3_MAG_87,-1,1,77.4648,22.5352
Exp3_MAG_160,-1,1,71.831,28.169
Exp3_MAG_106,-1,1,80.2817,19.7183
Exp3_MAG_188,-1,1,63.3803,36.6197
Exp3_MAG_235,-1,1,67.6056,32.3944
Exp3_MAG_69,-1,1,92.9577,7.04225
Exp3_MAG_291,-1,1,95.7746,4.22535
Exp3_MAG_260,-1,1,90.1408,9.85915
Exp3_MAG_258,-1,1,98.5915,1.40845
Exp3_MAG_99,-1,1,91.5493,8.4507
Exp3_MAG_92,-1,1,77.4648,22.5352
Exp3_MAG_168,-1,1,88.7324,11.2676
Exp3_MAG_238,-1,1,98.5915,1.40845
Exp3_MAG_242,-1,1,83.0986,16.9014
Exp3_MAG_153,-1,1,77.4648,22.5352
Exp3_MAG_277,-1,1,97.1831,2.8169
Exp3_MAG_285,-1,1,94.3662,5.6338
Exp3_MAG_220,-1,1,98.5915,1.40845
Exp3_MAG_183,-1,1,98.5915,1.40845
Exp3_MAG_45,-1,1,88.7324,11.2676
Exp3_MAG_145,-1,1,95.7746,4.22535
Exp3_MAG_179,-1,1,95.7746,4.22535
Exp3_MAG_11,-1,1,84.507,15.493
Exp3_MAG_276,-1,1,87.3239,12.6761
Exp3_MAG_109,-1,1,83.0986,16.9014
Exp3_MAG_84,-1,1,83.0986,16.9014
Exp3_MAG_214,-1,1,91.5493,8.4507
Exp3_MAG_222,-1,1,97.1831,2.8169
Exp3_MAG_172,-1,1,54.9296,45.0704
Exp3_MAG_203,-1,1,50.7042,49.2958
Exp3_MAG_101,-1,1,97.1831,2.8169
Exp3_MAG_135,-1,1,97.1831,2.8169
Exp3_MAG_229,-1,1,95.7746,4.22535
Exp3_MAG_37,-1,1,85.9155,14.0845
Exp3_MAG_35,-1,1,67.6056,32.3944
Exp3_MAG_81,-1,1,83.0986,16.9014
Exp3_MAG_95,-1,1,56.338,43.662
Exp3_MAG_282,-1,1,88.7324,11.2676
AP042450,-1,1,100,0
Exp3_MAG_3,-1,1,66.2651,33.7349
Exp3_MAG_1,-1,1,68.6747,31.3253
Exp3_MAG_4,-1,1,60.241,39.759
Exp3_MAG_198,-1,1,71.831,28.169
Exp3_MAG_33,-1,1,97.1831,2.8169
Exp3_MAG_202,-1,1,98.5915,1.40845
Exp3_MAG_118,-1,1,76.0563,23.9437
Exp3_MAG_61,-1,1,61.9718,38.0282
Exp3_MAG_211,-1,1,59.1549,40.8451
Exp3_MAG_38,-1,1,52.1127,47.8873
Exp3_MAG_7,-1,1,61.9718,38.0282
Exp3_MAG_86,-1,1,100,0
Exp3_MAG_49,-1,1,67.6056,32.3944
Exp3_MAG_227,-1,1,97.1831,2.8169
Exp3_MAG_115,-1,1,70.4225,29.5775
Exp3_MAG_117,-1,1,95.7746,4.22535
Exp3_MAG_246,-1,1,92.9577,7.04225
Exp3_MAG_19,-1,1,95.7746,4.22535
Exp3_MAG_186,-1,1,53.5211,46.4789
Exp3_MAG_16,-1,1,88.7324,11.2676
GCF_000012925,-1,1,99.83,0.17
GCF_000013405,-1,1,97.07,2.93
Exp3_MAG_149,-1,1,91.5493,8.4507
GCF_002009335,-1,1,97.65,2.35
Exp3_MAG_41,-1,1,87.3239,12.6761
GCF_000743525,-1,1,95.46,4.54
GCF_000747095,-1,1,97.62,2.38
Exp3_MAG_272,-1,1,87.3239,12.6761
Exp3_MAG_263,-1,1,88.7324,11.2676
Exp3_MAG_23,-1,1,92.9577,7.04225
Exp3_MAG_237,-1,1,91.5493,8.4507
Exp3_MAG_107,-1,1,71.831,28.169
Exp3_MAG_96,-1,1,64.7887,35.2113
Exp3_MAG_257,-1,1,94.3662,5.6338
Exp3_MAG_233,-1,1,50.7042,49.2958
Exp3_MAG_142,-1,1,63.3803,36.6197
GCF_040170545,-1,1,86.92,13.08
Exp3_MAG_102,-1,1,80.2817,19.7183
Exp3_MAG_161,-1,1,59.1549,40.8451
Exp3_MAG_94,-1,1,88.7324,11.2676
Exp3_MAG_68,-1,1,56.338,43.662
Exp3_MAG_121,-1,1,80.2817,19.7183
Exp3_MAG_13,-1,1,88.7324,11.2676
Exp3_MAG_62,-1,1,53.5211,46.4789
Exp3_MAG_210,-1,1,98.5915,1.40845
Exp3_MAG_284,-1,1,80.2817,19.7183
Exp3_MAG_17,-1,1,98.5915,1.40845
Exp3_MAG_177,-1,1,83.0986,16.9014
Exp3_MAG_173,-1,1,97.1831,2.8169
Exp3_MAG_53,-1,1,100,0
Exp3_MAG_28,-1,1,53.5211,46.4789
Exp3_MAG_137,-1,1,59.1549,40.8451
Exp3_MAG_224,-1,1,61.9718,38.0282
Exp3_MAG_29,-1,1,56.338,43.662
Exp3_MAG_164,-1,1,57.7465,42.2535
Exp3_MAG_281,-1,1,70.4225,29.5775
Exp3_MAG_286,-1,1,94.3662,5.6338
Exp3_MAG_123,-1,1,91.5493,8.4507
Exp3_MAG_267,-1,1,67.6056,32.3944
Exp3_MAG_248,-1,1,97.1831,2.8169
Exp3_MAG_5,-1,1,67.6056,32.3944
Exp3_MAG_174,-1,1,53.5211,46.4789
Exp3_MAG_163,-1,1,61.9718,38.0282
Exp3_MAG_193,-1,1,95.7746,4.22535
Exp3_MAG_50,-1,1,56.338,43.662
Exp3_MAG_97,-1,1,97.1831,2.8169
Exp3_MAG_182,-1,1,73.2394,26.7606
Exp3_MAG_253,-1,1,100,0
Exp3_MAG_110,-1,1,56.338,43.662
Exp3_MAG_270,-1,1,66.1972,33.8028
Exp3_MAG_273,-1,1,80.2817,19.7183
Exp3_MAG_21,-1,1,52.1127,47.8873
Exp3_MAG_54,-1,1,52.1127,47.8873
GCF_000475395,-1,1,96.97,3.03
Exp3_MAG_240,-1,1,90.1408,9.85915
Exp3_MAG_6,-1,1,50.7042,49.2958
Exp3_MAG_139,-1,1,69.0141,30.9859
Exp3_MAG_82,-1,1,56.338,43.662
Exp3_MAG_170,-1,1,95.7746,4.22535
GCF_031600295,-1,1,99.69,0.31
GCF_016584445,-1,1,99.69,0.31
Exp3_MAG_232,-1,1,83.0986,16.9014
Exp3_MAG_278,-1,1,73.2394,26.7606
Exp3_MAG_245,-1,1,63.3803,36.6197
Exp3_MAG_266,-1,1,60.5634,39.4366
Exp3_MAG_213,-1,1,92.9577,7.04225
Exp3_MAG_130,-1,1,67.6056,32.3944
Exp3_MAG_146,-1,1,64.7887,35.2113
Exp3_MAG_9,-1,1,100,0
Exp3_MAG_279,-1,1,69.0141,30.9859
Exp3_MAG_254,-1,1,69.0141,30.9859
Exp3_MAG_243,-1,1,73.2394,26.7606
Exp3_MAG_20,-1,1,67.6056,32.3944
Exp3_MAG_249,-1,1,92.9577,7.04225
Exp3_MAG_132,-1,1,98.5915,1.40845
Exp3_MAG_138,-1,1,50.7042,49.2958
Exp3_MAG_58,-1,1,64.7887,35.2113
Exp3_MAG_74,-1,1,66.1972,33.8028
Exp3_MAG_264,-1,1,59.1549,40.8451
Exp3_MAG_100,-1,1,60.5634,39.4366
Exp3_MAG_103,-1,1,91.5493,8.4507
Exp3_MAG_25,-1,1,94.3662,5.6338
Exp3_MAG_215,-1,1,94.3662,5.6338
GROW_93_consensus,-1,1,65.5,34.5
GROW_70_consensus,-1,1,65.7,34.3
g_68A_medaka,-1,1,99.3,0.7
GROW_76_consensus,-1,1,65.7,34.3
GROW_131_consensus,-1,1,66.5,33.5
Exp3_MAG_27,-1,1,60.5634,39.4366
GROW_61_consensus,-1,1,67.5,32.5
GROW_72_consensus,-1,1,99.1,0.9
GROW_73_consensus,-1,1,99.1,0.9
GROW_113_consensus,-1,1,66.2,33.8
GROW_77_consensus,-1,1,65.7,34.3
GCF_013423925,-1,1,99.95,0.05
Exp3_MAG_60,-1,1,91.5493,8.4507
GCF_029269265,-1,1,99.32,0.68
Exp3_MAG_194,-1,1,94.3662,5.6338
Exp3_MAG_199,-1,1,54.9296,45.0704
LMAZ01000003,-1,1,100,0
GCF_000267545,-1,1,99.56,0.44
GCF_029269135,-1,1,99.28,0.72
GROW_123_consensus,-1,1,70.4,29.6
CP063454,-1,1,99.41,0.59
GCF_026428315,-1,1,99.41,0.59
GCF_029269255,-1,1,99.88,0.12
GCF_051450025,-1,1,99.88,0.12
GCF_026428335,-1,1,99.68,0.32
CP063455,-1,1,99.68,0.32
Exp3_MAG_239,-1,1,54.9296,45.0704
GROW_83_consensus,-1,1,69.3,30.7
GROW_105_consensus,-1,1,68.6,31.4
GROW_68_consensus,-1,1,68.6,31.4
GCF_029269225,-1,1,99.84,0.16
GROW_67_consensus,-1,1,67.8,32.2
GCF_029269295,-1,1,99.6,0.4
GROW_74_consensus,-1,1,68.8,31.2
GCF_015277575,-1,1,100,0
GCF_029269175,-1,1,100,0
GCF_029269195,-1,1,99.92,0.08
GROW_101_consensus,-1,1,68.3,31.7
GCF_000475415,-1,1,99.59,0.41
GCF_000475255,-1,1,96.26,3.74
GCF_000475375,-1,1,99.9,0.1
GCF_000475315,-1,1,99.96,0.04
GCF_000475355,-1,1,99.59,0.41
GCF_000475295,-1,1,97.81,2.19
GROW_115_consensus,-1,1,100,0
GCF_000475335,-1,1,99.99,0.01
GROW_126_consensus,-1,1,63.4,36.6
Exp3_MAG_31,-1,1,98.5915,1.40845
Exp3_MAG_144,-1,1,60.5634,39.4366
Exp3_MAG_113,-1,1,74.6479,25.3521
GROW_127_consensus,-1,1,63.7,36.3
Exp3_MAG_196,-1,1,94.3662,5.6338
Exp3_MAG_241,-1,1,91.5493,8.4507
Exp3_MAG_131,-1,1,98.5915,1.40845
Exp3_MAG_44,-1,1,95.7746,4.22535
Exp3_MAG_189,-1,1,66.1972,33.8028
Exp3_MAG_140,-1,1,92.9577,7.04225
Exp3_MAG_85,-1,1,97.1831,2.8169
Exp3_MAG_42,-1,1,87.3239,12.6761
Exp3_MAG_236,-1,1,90.1408,9.85915
Exp3_MAG_40,-1,1,76.0563,23.9437
Exp3_MAG_150,-1,1,84.507,15.493
Exp3_MAG_114,-1,1,52.1127,47.8873
GCF_001190925,-1,1,93.38,6.62
Exp3_MAG_287,-1,1,92.9577,7.04225
Exp3_MAG_116,-1,1,73.2394,26.7606
Exp3_MAG_205,-1,1,94.3662,5.6338
Exp3_MAG_83,-1,1,92.9577,7.04225
Exp3_MAG_14,-1,1,98.5915,1.40845
Exp3_MAG_18,-1,1,94.3662,5.6338
Exp3_MAG_47,-1,1,88.7324,11.2676
Exp3_MAG_275,-1,1,84.507,15.493
Exp3_MAG_228,-1,1,61.9718,38.0282
Exp3_MAG_48,-1,1,90.1408,9.85915
Exp3_MAG_78,-1,1,92.9577,7.04225
Exp3_MAG_73,-1,1,98.5915,1.40845
Exp3_MAG_283,-1,1,80.2817,19.7183
Exp3_MAG_32,-1,1,64.7887,35.2113
Exp3_MAG_111,-1,1,60.5634,39.4366
Exp3_MAG_262,-1,1,94.3662,5.6338
Exp3_MAG_93,-1,1,98.5915,1.40845
Exp3_MAG_56,-1,1,73.2394,26.7606
Exp3_MAG_122,-1,1,53.5211,46.4789
Exp3_MAG_79,-1,1,95.7746,4.22535
Exp3_MAG_90,-1,1,77.4648,22.5352
Exp3_MAG_141,-1,1,70.4225,29.5775
Exp3_MAG_154,-1,1,70.4225,29.5775
CP010516,-1,1,98,2
Exp3_MAG_8,-1,1,56.338,43.662
Exp3_MAG_129,-1,1,52.1127,47.8873
GCF_014634705,-1,1,93.91,6.09
Exp3_MAG_204,-1,1,97.1831,2.8169
Exp3_MAG_195,-1,1,92.9577,7.04225
Exp3_MAG_162,-1,1,94.3662,5.6338
Exp3_MAG_119,-1,1,87.3239,12.6761
Exp3_MAG_64,-1,1,83.0986,16.9014
Exp3_MAG_152,-1,1,61.9718,38.0282
Exp3_MAG_147,-1,1,73.2394,26.7606
Exp3_MAG_261,-1,1,60.5634,39.4366
Exp3_MAG_192,-1,1,70.4225,29.5775
Exp3_MAG_201,-1,1,53.5211,46.4789
Exp3_MAG_234,-1,1,59.1549,40.8451
Exp3_MAG_255,-1,1,77.4648,22.5352
Exp3_MAG_57,-1,1,52.1127,47.8873
Exp3_MAG_290,-1,1,60.5634,39.4366
Exp3_MAG_271,-1,1,50.7042,49.2958
Exp3_MAG_259,-1,1,50.7042,49.2958
Exp3_MAG_288,-1,1,66.1972,33.8028
Exp3_MAG_256,-1,1,50.7042,49.2958
Exp3_MAG_231,-1,1,74.6479,25.3521
Exp3_MAG_59,-1,1,50.7042,49.2958
Exp3_MAG_269,-1,1,52.1127,47.8873
Exp3_MAG_157,-1,1,90.1408,9.85915
Exp3_MAG_105,-1,1,52.1127,47.8873
Exp3_MAG_148,-1,1,76.0563,23.9437
Exp3_MAG_136,-1,1,78.8732,21.1268
Exp3_MAG_104,-1,1,64.7887,35.2113
Exp3_MAG_252,-1,1,94.3662,5.6338
Exp3_MAG_166,-1,1,90.1408,9.85915
Exp3_MAG_112,-1,1,66.1972,33.8028
Exp3_MAG_230,-1,1,60.5634,39.4366
Exp3_MAG_124,-1,1,100,0
Exp3_MAG_70,-1,1,80.2817,19.7183
Exp3_MAG_125,-1,1,81.6901,18.3099
Exp3_MAG_127,-1,1,67.6056,32.3944
Exp3_MAG_206,-1,1,91.5493,8.4507
Exp3_MAG_187,-1,1,97.1831,2.8169
L3_medaka,-1,1,90.5,9.5
GCF_041920375,-1,1,97.53,2.47
GCF_041920455,-1,1,98.71,1.29
L4_medaka,-1,1,99.6,0.4
GCF_041920365,-1,1,96.77,3.23
GCF_041920485,-1,1,94.03,5.97
GCF_041920355,-1,1,99.56,0.44
g_65_medaka,-1,1,99.7,0.3
g_66_medaka,-1,1,100,0
GCF_041920425,-1,1,93.97,6.03
Exp3_MAG_77,-1,1,98.5915,1.40845
Exp3_MAG_10,-1,1,73.2394,26.7606
Exp3_MAG_22,-1,1,88.7324,11.2676
Exp3_MAG_67,-1,1,60.5634,39.4366
Exp3_MAG_63,-1,1,61.9718,38.0282
Exp3_MAG_208,-1,1,95.7746,4.22535
Exp3_MAG_280,-1,1,94.3662,5.6338
Exp3_MAG_46,-1,1,92.9577,7.04225
Exp3_MAG_151,-1,1,100,0
Exp3_MAG_165,-1,1,91.5493,8.4507
Exp3_MAG_185,-1,1,100,0
Exp3_MAG_226,-1,1,60.5634,39.4366
Exp3_MAG_39,-1,1,74.6479,25.3521
GCF_002189495,-1,1,93.78,6.22
GCF_020886775,-1,1,96.03,3.97
GROW_128_consensus,-1,1,97.4,2.6
Exp3_MAG_218,-1,1,78.8732,21.1268
Exp3_MAG_169,-1,1,98.5915,1.40845
Exp3_MAG_212,-1,1,76.0563,23.9437
Exp3_MAG_158,-1,1,71.831,28.169
Exp3_MAG_143,-1,1,90.1408,9.85915
Exp3_MAG_289,-1,1,78.8732,21.1268
Exp3_MAG_200,-1,1,76.0563,23.9437
Exp3_MAG_244,-1,1,97.1831,2.8169
GCF_000470885,-1,1,99.08,0.92
GCF_000736435,-1,1,99.59,0.41
Exp3_MAG_43,-1,1,76.0563,23.9437
Exp3_MAG_66,-1,1,97.1831,2.8169
Exp3_MAG_197,-1,1,90.1408,9.85915
