DATASET_HEATMAP
SEPARATOR TAB
DATASET_LABEL	category_counts_besthit
COLOR	#2166ac
FIELD_LABELS	Transportation	Beta-oxidation	Catechol-ortho	Phenylacetate	Aromatics	Naphthalene	Protocatechuate	Catechol-meta	Gentisate	Gallate	Pyrogallol	Hydroquinone	Hydroxyquinol	Benzoate	Benzoyl-CoA	Oxalate	Tannin	Cyclohexanecarboxylate	Cyclohexylacetate	Alkanes	Alkenes	Plastics
COLOR_MIN	#f7fbff
COLOR_MAX	#08306b
COLOR_NAN	#d9d9d9
AUTO_LEGEND	1
SHOW_INTERNAL	0
SHOW_LABELS	1
LABEL_ROTATION	90
STRIP_WIDTH	18
MARGIN	20
BORDER_WIDTH	0
USER_MIN_VALUE	0
USER_MAX_VALUE	84
DATA
Exp3_MAG_191	0	1	0	0	1	1	0	1	0	0	1	1	0	0	0	0	0	1	0	5	3	1
CP010517	0	6	13	3	18	1	7	0	0	4	0	2	0	1	0	9	0	2	1	8	3	6
Exp3_MAG_156	3	4	0	2	2	0	0	0	1	0	1	0	0	0	0	0	1	2	0	7	1	1
Exp3_MAG_88	3	4	0	2	2	0	0	0	1	0	0	0	0	0	0	0	0	0	0	3	2	1
Exp3_MAG_209	1	8	3	12	2	0	1	0	0	0	0	2	0	0	0	1	0	1	2	1	1	5
Exp3_MAG_12	1	7	4	3	5	0	2	0	2	0	0	2	0	0	0	0	0	0	1	3	0	0
Exp3_MAG_155	2	7	4	3	3	0	1	0	0	0	2	2	0	1	0	0	0	1	2	7	2	1
Exp3_MAG_76	2	7	4	3	2	0	1	0	0	0	2	1	0	1	0	0	0	1	2	5	1	2
Exp3_MAG_216	3	5	2	6	2	0	1	0	0	0	0	1	0	1	0	0	0	0	1	2	0	2
Exp3_MAG_178	5	5	1	16	3	0	1	0	1	0	0	1	0	0	0	0	1	0	2	2	0	1
Exp3_MAG_126	3	7	4	17	2	0	2	0	1	0	0	2	0	0	0	0	1	2	0	3	0	4
Exp3_MAG_75	1	8	3	14	3	0	1	0	1	0	0	0	0	0	0	0	1	1	2	2	0	4
Exp3_MAG_71	5	6	2	16	1	0	1	0	1	0	0	2	0	0	0	0	1	2	2	3	0	4
Exp3_MAG_72	1	4	2	10	3	0	1	0	1	0	0	0	0	0	0	0	0	2	1	2	0	3
Exp3_MAG_176	3	7	2	13	3	0	1	0	1	0	1	1	0	0	0	0	1	2	2	3	0	4
GROW_118_consensus	2	7	3	2	2	0	0	0	1	0	1	1	0	0	0	0	1	1	1	4	1	1
GROW_116_consensus	2	7	3	2	2	0	0	0	1	0	1	1	0	0	0	0	1	1	1	4	1	1
Exp3_MAG_268	2	7	1	2	1	0	1	1	1	0	0	2	0	0	0	0	1	1	2	8	0	5
Exp3_MAG_52	0	9	2	8	2	0	0	0	1	0	1	0	0	0	0	0	0	3	1	7	3	10
Exp3_MAG_120	1	7	1	1	0	0	0	0	1	0	0	1	0	0	0	0	0	2	0	2	1	4
Exp3_MAG_51	1	9	2	3	3	0	0	1	1	0	0	0	0	0	0	0	0	1	1	5	2	7
Exp3_MAG_134	2	6	0	2	0	0	0	0	1	0	0	0	0	0	0	0	0	1	1	6	0	2
Exp3_MAG_190	5	7	3	4	4	0	1	0	1	0	0	0	0	1	0	0	0	1	1	3	0	1
Exp3_MAG_184	1	9	2	3	2	0	0	0	1	0	0	1	0	0	0	0	0	1	1	6	1	4
Exp3_MAG_219	2	8	1	2	3	0	5	0	1	0	0	1	0	0	0	0	0	3	1	5	4	7
Exp3_MAG_34	3	12	2	5	1	0	3	0	1	0	1	1	0	0	0	0	0	4	1	7	1	10
Exp3_MAG_175	1	6	2	4	2	0	2	0	0	0	0	3	0	0	0	0	3	2	1	3	0	5
Exp3_MAG_251	2	7	1	2	4	0	0	1	0	0	0	1	0	0	0	0	1	1	0	3	1	2
Exp3_MAG_207	1	7	3	3	2	0	2	0	1	0	0	1	0	0	0	0	1	0	0	5	1	5
Exp3_MAG_24	2	7	2	13	3	0	1	0	0	0	0	1	0	0	0	0	1	1	1	1	0	0
Exp3_MAG_167	1	4	3	13	2	0	2	1	1	0	0	0	0	0	0	0	1	0	0	4	1	3
Exp3_MAG_98	4	6	3	8	1	0	1	0	0	0	0	0	0	0	0	0	0	1	1	2	3	1
Exp3_MAG_217	3	7	2	11	3	0	1	1	0	0	0	3	0	0	0	0	1	2	1	7	1	4
Exp3_MAG_159	1	7	2	13	4	0	1	0	0	0	0	2	0	0	0	2	1	2	2	4	2	5
Exp3_MAG_128	3	7	2	12	4	0	1	0	0	0	0	2	0	0	0	1	1	5	2	5	1	4
Exp3_MAG_15	5	7	3	12	3	0	1	0	1	0	0	1	0	0	0	0	1	7	2	5	0	1
Exp3_MAG_108	3	8	2	10	4	1	2	0	0	0	0	1	0	2	0	0	0	2	0	2	1	6
Exp3_MAG_225	1	6	3	11	3	0	1	1	0	0	0	2	0	0	0	0	1	1	1	4	1	3
Exp3_MAG_30	6	8	2	12	4	0	1	0	0	0	0	3	0	0	0	0	1	2	2	4	1	8
Exp3_MAG_89	4	6	3	12	3	0	2	1	0	0	0	3	0	1	0	0	1	2	1	4	3	4
Exp3_MAG_171	3	6	2	13	3	0	1	1	0	0	1	3	0	1	0	1	1	1	1	4	1	6
Exp3_MAG_180	2	7	3	11	4	0	2	1	0	0	0	3	0	1	0	0	1	1	0	4	1	2
Exp3_MAG_80	3	7	2	11	2	0	1	1	0	0	0	1	0	0	0	2	1	1	1	2	1	3
Exp3_MAG_223	3	7	3	12	3	0	2	1	0	0	0	0	0	0	0	0	1	1	1	3	0	4
Exp3_MAG_91	0	2	1	1	0	0	1	0	0	0	0	0	0	0	0	0	1	1	1	1	0	0
Exp3_MAG_274	2	6	2	12	9	1	1	0	0	0	0	0	0	0	0	0	1	1	2	2	1	6
Exp3_MAG_55	1	6	2	13	3	0	1	1	0	0	0	0	0	0	0	1	1	3	1	1	4	1
Exp3_MAG_65	2	7	3	13	6	0	1	1	0	0	0	0	0	1	0	0	1	2	1	5	1	1
Exp3_MAG_36	3	9	2	13	3	0	1	0	0	0	1	2	0	0	0	0	1	1	1	4	1	5
Exp3_MAG_221	1	1	2	10	2	0	1	0	1	0	0	1	0	0	0	0	1	1	0	3	1	0
Exp3_MAG_26	3	13	1	15	2	0	0	1	1	0	0	1	0	0	0	1	1	2	1	3	1	5
Exp3_MAG_181	3	12	2	12	3	0	1	0	1	0	0	1	0	0	0	0	1	1	2	5	0	4
Exp3_MAG_133	5	1	0	2	1	0	0	0	0	0	0	0	0	0	0	0	1	0	0	8	0	2
Exp3_MAG_247	7	1	0	1	1	0	0	0	0	0	0	0	0	0	0	0	1	1	0	4	0	2
Exp3_MAG_250	3	6	2	1	3	0	0	1	0	0	0	2	0	0	0	0	0	0	0	7	4	4
Exp3_MAG_265	6	6	2	2	4	0	2	0	0	0	0	3	0	0	0	0	0	2	1	4	3	9
Exp3_MAG_87	3	4	2	2	4	0	0	1	0	0	0	1	0	0	0	0	0	1	1	2	3	6
Exp3_MAG_160	2	3	0	2	2	0	0	1	0	0	0	0	0	0	0	2	0	1	0	3	1	4
Exp3_MAG_106	4	3	0	1	1	0	0	1	0	0	0	2	0	0	0	0	0	0	0	2	2	13
Exp3_MAG_188	1	3	2	1	2	0	0	0	0	0	0	1	0	0	0	0	0	0	0	0	2	4
Exp3_MAG_235	3	2	2	1	1	0	0	0	0	0	0	1	0	0	0	0	0	0	0	2	2	5
Exp3_MAG_69	4	6	0	2	2	0	0	1	0	0	1	0	0	0	0	0	0	2	0	4	1	5
Exp3_MAG_291	7	3	2	2	5	0	0	1	0	0	0	1	0	0	0	0	1	0	0	1	2	10
Exp3_MAG_260	4	3	2	1	3	0	1	0	0	0	0	0	0	0	0	0	1	2	0	2	1	7
Exp3_MAG_258	6	2	0	2	5	0	0	1	0	0	0	1	0	0	0	0	1	2	0	1	1	1
Exp3_MAG_99	5	2	1	1	5	0	0	1	0	0	0	1	0	2	0	0	1	0	0	1	2	2
Exp3_MAG_92	4	1	1	1	4	0	0	1	0	0	0	1	1	0	0	0	1	0	0	1	1	3
Exp3_MAG_168	4	3	1	1	1	0	0	1	0	0	0	0	0	0	0	0	1	0	0	2	2	2
Exp3_MAG_238	5	3	1	1	5	0	0	1	0	1	0	1	0	2	0	0	1	0	0	2	1	5
Exp3_MAG_242	4	3	2	1	5	0	0	2	0	0	1	0	1	0	0	0	1	1	0	2	2	4
Exp3_MAG_153	3	1	1	1	2	0	0	1	0	0	0	0	0	0	0	0	1	1	0	0	2	4
Exp3_MAG_277	6	5	4	1	5	0	1	1	0	0	1	1	0	0	0	1	1	1	0	8	3	9
Exp3_MAG_285	2	4	0	1	1	0	0	1	0	0	0	1	1	0	0	0	0	1	0	3	0	5
Exp3_MAG_220	7	6	1	1	5	1	0	1	0	0	0	1	0	0	0	0	0	1	0	6	0	9
Exp3_MAG_183	5	6	5	1	7	0	0	0	0	0	1	0	0	0	0	0	0	2	0	5	1	11
Exp3_MAG_45	3	11	1	4	4	0	0	0	0	0	0	0	0	0	0	0	0	1	0	3	0	5
Exp3_MAG_145	1	3	1	1	6	0	0	0	0	0	0	1	0	0	0	0	1	2	0	5	2	5
Exp3_MAG_179	2	3	0	0	7	1	0	0	0	0	0	1	0	1	0	2	1	3	0	5	0	5
Exp3_MAG_11	2	5	1	0	4	0	0	2	0	0	0	1	0	0	0	0	1	1	0	1	3	3
Exp3_MAG_276	1	3	0	0	5	0	0	1	0	0	1	1	0	1	0	0	1	1	0	4	1	9
Exp3_MAG_109	2	4	0	1	9	0	0	1	1	0	0	1	0	0	0	0	0	1	0	3	1	8
Exp3_MAG_84	2	4	0	0	4	0	0	0	0	0	0	0	0	1	0	0	1	1	0	1	1	3
Exp3_MAG_214	3	0	0	0	3	0	0	0	0	0	0	1	0	1	0	0	1	1	0	4	0	4
Exp3_MAG_222	2	2	2	2	5	0	0	0	0	0	0	1	0	2	0	1	1	1	0	4	1	6
Exp3_MAG_172	0	1	1	1	4	0	0	0	0	0	0	2	0	0	0	0	0	0	0	1	0	1
Exp3_MAG_203	0	3	0	0	2	0	0	0	0	0	0	1	0	0	0	0	0	0	0	1	0	3
Exp3_MAG_101	3	7	1	1	5	0	0	0	0	0	2	2	0	0	0	0	1	2	0	5	1	7
Exp3_MAG_135	2	12	4	2	7	0	0	1	0	0	1	3	0	1	0	1	1	2	0	8	0	7
Exp3_MAG_229	3	6	2	1	7	0	0	1	0	0	2	1	0	1	0	0	1	3	0	1	0	7
Exp3_MAG_37	2	4	0	1	2	0	0	1	0	0	0	2	0	0	0	0	1	0	2	2	1	2
Exp3_MAG_35	2	0	0	0	3	0	0	1	0	0	0	1	0	0	0	1	1	1	0	3	0	0
Exp3_MAG_81	3	2	0	1	4	0	0	1	0	0	0	2	0	1	0	5	1	0	0	3	1	4
Exp3_MAG_95	1	1	0	1	0	0	0	0	0	0	0	0	0	0	0	0	0	0	0	0	0	0
Exp3_MAG_282	3	6	0	0	5	0	0	0	0	0	0	0	0	0	0	1	0	2	0	0	1	5
AP042450	0	3	0	3	1	1	1	0	0	0	0	0	0	0	0	2	1	0	0	1	0	0
Exp3_MAG_3	0	3	1	0	19	5	3	1	3	0	0	1	3	0	0	3	2	3	4	26	1	15
Exp3_MAG_1	0	4	1	0	11	5	3	0	2	0	0	1	0	0	0	4	0	3	2	13	0	12
Exp3_MAG_4	0	5	1	2	3	0	0	0	0	0	0	0	0	0	0	0	0	1	1	3	1	15
Exp3_MAG_198	5	6	1	0	1	0	0	0	0	0	0	0	0	0	0	0	0	0	2	3	0	2
Exp3_MAG_33	2	12	2	3	3	1	1	0	0	0	0	0	0	0	0	2	1	0	2	4	0	2
Exp3_MAG_202	2	14	2	3	2	1	2	0	1	1	0	0	0	0	1	4	1	0	3	6	0	4
Exp3_MAG_118	3	5	2	0	3	0	2	0	0	0	0	0	0	0	0	0	1	0	1	0	2	6
Exp3_MAG_61	2	5	4	3	0	0	4	0	0	0	0	0	0	0	0	0	0	0	1	2	1	1
Exp3_MAG_211	0	5	2	1	3	0	1	0	0	0	0	1	0	0	0	0	0	3	0	3	0	4
Exp3_MAG_38	1	10	3	1	6	0	0	0	0	0	0	1	0	1	0	1	1	3	0	5	4	13
Exp3_MAG_7	2	2	0	1	7	0	0	0	2	2	0	0	2	1	0	2	0	0	0	0	0	8
Exp3_MAG_86	1	14	4	4	15	2	6	0	0	1	0	1	0	3	0	5	1	7	0	5	6	31
Exp3_MAG_49	6	24	6	10	15	3	2	1	2	0	0	1	0	0	0	2	1	8	3	8	3	18
Exp3_MAG_227	9	10	3	2	8	5	0	0	1	0	0	1	0	0	0	0	0	0	1	6	2	8
Exp3_MAG_115	7	11	1	1	7	4	0	0	1	0	2	0	0	1	0	0	0	0	1	2	3	10
Exp3_MAG_117	8	12	4	2	7	6	1	0	1	0	0	0	0	0	0	0	0	1	1	5	1	11
Exp3_MAG_246	8	8	2	2	7	3	1	0	0	0	1	0	0	0	0	0	0	0	1	5	1	5
Exp3_MAG_19	2	6	2	0	0	0	0	0	0	0	0	0	0	0	0	0	0	0	0	3	0	0
Exp3_MAG_186	7	9	3	2	5	0	3	0	1	0	0	0	0	1	0	0	0	0	4	6	0	11
Exp3_MAG_16	2	2	0	5	6	0	0	0	0	0	0	0	0	0	0	0	1	0	0	5	0	1
GCF_000012925	6	30	2	9	9	0	2	0	1	0	0	0	0	3	8	0	2	9	2	7	0	5
GCF_000013405	5	16	0	4	7	0	0	0	0	0	0	0	0	0	12	4	0	0	0	2	0	1
Exp3_MAG_149	4	22	0	5	4	0	0	0	0	0	7	0	0	1	1	2	1	0	0	2	1	5
GCF_002009335	3	43	1	8	8	0	0	1	0	0	0	0	0	0	7	3	1	1	2	5	0	4
Exp3_MAG_41	5	4	0	3	3	0	0	0	0	0	0	0	0	0	0	0	1	1	0	7	0	3
GCF_000743525	1	3	0	3	1	0	0	0	0	0	0	0	0	0	0	0	1	0	0	2	0	1
GCF_000747095	3	0	0	1	1	0	0	1	0	0	0	0	0	0	0	2	1	0	0	1	0	1
Exp3_MAG_272	5	27	3	9	35	1	5	0	2	2	1	0	1	4	0	22	1	29	2	33	4	28
Exp3_MAG_263	5	16	1	9	26	2	3	0	3	1	1	0	1	1	0	16	2	10	3	33	6	23
Exp3_MAG_23	0	9	4	4	15	1	5	0	3	0	0	1	0	0	0	1	0	1	1	7	1	14
Exp3_MAG_237	2	19	3	4	14	1	3	0	1	9	0	0	0	3	0	5	0	15	3	14	1	30
Exp3_MAG_107	1	13	3	2	7	1	3	0	1	4	0	0	0	1	0	2	0	7	1	5	1	11
Exp3_MAG_96	2	9	1	5	26	6	3	0	2	9	1	1	0	3	0	1	1	4	2	12	2	28
Exp3_MAG_257	1	11	1	3	9	1	4	0	1	9	0	1	0	1	0	1	0	3	1	9	3	25
Exp3_MAG_233	1	7	6	1	14	4	8	0	2	6	0	0	0	4	0	2	1	3	1	7	1	19
Exp3_MAG_142	2	17	5	4	7	11	2	1	3	4	1	0	0	1	0	3	0	4	1	8	2	7
GCF_040170545	3	29	8	4	32	6	10	6	0	10	2	3	2	4	0	4	1	10	1	15	1	11
Exp3_MAG_102	1	12	3	4	3	0	2	0	1	0	1	0	0	0	0	1	0	4	1	7	0	12
Exp3_MAG_161	2	16	3	7	6	1	2	0	1	0	0	0	0	0	0	2	0	24	2	21	7	14
Exp3_MAG_94	2	17	4	4	8	3	2	0	4	0	0	0	0	0	0	1	0	19	2	16	1	13
Exp3_MAG_68	1	19	7	3	28	4	2	0	4	2	0	0	0	6	0	3	0	15	2	15	4	11
Exp3_MAG_121	1	23	12	4	20	6	8	3	1	8	0	3	3	0	0	2	0	16	2	29	1	27
Exp3_MAG_13	2	18	12	2	25	5	8	1	3	7	2	4	2	6	1	2	0	10	3	20	3	30
Exp3_MAG_62	2	6	2	0	6	5	1	2	1	3	2	0	0	0	0	2	0	0	3	0	1	5
Exp3_MAG_210	1	12	3	3	5	0	3	4	1	1	2	1	0	0	0	2	0	6	1	9	0	11
Exp3_MAG_284	2	4	7	2	8	0	15	2	1	0	0	0	0	0	0	4	2	3	3	9	6	14
Exp3_MAG_17	3	10	3	4	3	1	2	0	1	0	0	0	0	0	0	2	1	4	1	4	0	14
Exp3_MAG_177	3	11	3	3	7	1	2	0	1	2	0	1	0	1	0	3	1	5	0	9	1	16
Exp3_MAG_173	3	19	4	7	5	3	2	0	1	0	0	0	0	2	0	3	0	13	1	19	0	37
Exp3_MAG_53	1	7	0	3	5	0	0	0	2	0	0	2	0	0	0	1	1	2	2	3	1	15
Exp3_MAG_28	1	3	1	1	3	0	1	0	1	1	0	0	0	0	0	1	1	1	2	3	1	6
Exp3_MAG_137	0	7	2	4	4	0	1	0	1	0	0	2	0	0	0	2	0	2	2	6	1	15
Exp3_MAG_224	2	8	2	2	7	3	4	0	1	4	1	2	0	1	0	1	1	8	3	9	1	14
Exp3_MAG_29	4	3	1	0	10	3	3	0	1	4	1	0	0	0	0	1	0	2	1	1	2	14
Exp3_MAG_164	1	13	9	4	10	2	7	0	2	7	1	3	0	0	0	3	1	9	4	10	1	12
Exp3_MAG_281	5	24	17	6	14	5	11	0	2	0	4	2	1	3	0	5	1	18	4	13	2	26
Exp3_MAG_286	2	15	5	3	9	0	1	0	2	0	2	1	0	0	0	1	1	11	2	16	3	18
Exp3_MAG_123	3	25	5	5	22	1	5	0	2	0	0	1	0	1	0	2	1	36	2	37	3	26
Exp3_MAG_267	2	19	5	6	13	2	2	0	2	0	1	0	0	1	0	2	1	28	2	26	2	32
Exp3_MAG_248	1	28	4	7	15	2	2	0	1	0	0	0	0	1	0	6	1	51	2	31	5	21
Exp3_MAG_5	0	12	2	10	2	0	1	0	1	0	0	0	0	1	0	4	1	14	1	15	1	23
Exp3_MAG_174	1	8	3	5	7	0	1	0	2	2	0	0	0	1	0	3	1	16	1	13	2	23
Exp3_MAG_163	1	8	0	3	13	0	1	1	1	0	0	3	0	1	0	8	0	6	0	7	4	12
Exp3_MAG_193	3	7	3	2	7	1	3	0	1	0	5	2	2	1	0	2	0	5	0	10	1	11
Exp3_MAG_50	2	6	1	2	6	0	2	1	1	0	3	2	1	0	0	1	0	5	1	7	3	8
Exp3_MAG_97	0	8	3	1	11	0	3	2	1	0	0	3	3	1	0	2	0	7	0	9	3	14
Exp3_MAG_182	1	10	5	2	22	4	8	2	1	3	0	5	3	1	0	2	0	4	1	17	2	12
Exp3_MAG_253	1	21	2	4	29	3	5	2	1	4	1	6	4	1	1	5	0	10	1	19	5	20
Exp3_MAG_110	0	16	5	4	16	4	8	1	0	0	2	5	3	0	0	3	1	9	1	14	6	15
Exp3_MAG_270	3	34	7	4	35	3	15	3	5	0	2	9	1	1	0	8	1	14	1	34	10	19
Exp3_MAG_273	1	13	5	1	17	0	5	0	1	0	0	1	3	1	0	2	0	4	0	7	12	14
Exp3_MAG_21	1	1	0	2	5	2	1	0	0	0	1	0	0	0	0	0	1	4	0	1	0	6
Exp3_MAG_54	0	1	0	2	7	0	0	1	0	0	0	0	0	1	0	0	0	3	0	4	0	9
GCF_000475395	1	23	7	12	28	1	12	1	3	1	1	4	1	1	0	3	1	4	4	14	8	14
Exp3_MAG_240	1	18	3	11	24	1	11	2	2	4	0	5	0	1	0	6	0	6	0	7	8	18
Exp3_MAG_6	1	4	0	0	2	1	0	1	1	1	1	0	0	0	0	0	0	2	0	5	1	5
Exp3_MAG_139	4	3	3	4	28	3	7	0	2	3	2	1	1	2	0	5	1	3	0	6	1	9
Exp3_MAG_82	1	10	2	2	15	2	5	0	2	2	0	2	0	0	0	5	0	9	1	8	2	8
Exp3_MAG_170	1	31	7	16	16	1	10	1	2	0	1	0	0	1	0	10	1	12	2	13	3	20
GCF_031600295	2	39	4	18	21	1	5	1	2	4	1	1	2	1	4	7	1	21	2	10	1	22
GCF_016584445	2	38	4	18	22	1	5	1	2	4	1	1	2	1	4	7	1	21	2	10	1	22
Exp3_MAG_232	1	26	6	17	39	4	10	2	6	1	0	2	3	2	0	10	0	24	3	33	6	48
Exp3_MAG_278	2	35	10	20	38	2	16	1	5	1	0	3	4	0	0	22	0	29	2	23	4	44
Exp3_MAG_245	3	26	10	25	46	6	18	2	5	5	1	3	7	1	0	15	0	27	7	26	2	30
Exp3_MAG_266	2	17	5	7	24	2	8	0	3	2	1	2	1	0	0	4	0	12	3	11	2	22
Exp3_MAG_213	2	20	4	3	17	1	7	1	2	0	0	2	0	2	0	7	0	5	0	15	9	16
Exp3_MAG_130	2	28	6	4	34	4	9	1	3	6	2	1	0	2	0	5	1	12	0	12	7	21
Exp3_MAG_146	1	15	2	3	24	1	6	1	1	2	1	2	0	0	0	1	0	3	0	10	6	19
Exp3_MAG_9	3	9	6	1	7	2	9	1	1	0	0	2	1	1	0	5	0	0	3	17	2	15
Exp3_MAG_279	2	13	4	3	12	3	6	0	0	8	1	2	2	0	0	0	0	4	4	15	3	19
Exp3_MAG_254	1	23	9	13	30	5	10	0	2	3	0	2	1	3	0	7	2	13	1	12	7	34
Exp3_MAG_243	0	14	3	11	17	1	4	1	2	3	0	2	0	0	0	2	0	12	1	9	5	27
Exp3_MAG_20	5	30	3	14	27	3	1	3	1	0	0	1	1	4	0	4	1	30	1	25	3	20
Exp3_MAG_249	2	4	0	1	0	0	0	0	0	0	0	0	0	0	0	1	0	2	1	1	1	1
Exp3_MAG_132	4	14	5	4	13	0	8	0	2	1	0	0	0	0	0	3	0	5	1	10	1	12
Exp3_MAG_138	3	11	3	4	21	1	4	6	2	0	0	0	0	0	4	5	2	1	1	2	2	5
Exp3_MAG_58	3	6	1	3	6	0	0	0	1	0	0	0	0	0	0	1	1	0	0	5	1	3
Exp3_MAG_74	3	16	7	6	24	2	12	0	3	6	1	2	0	1	0	7	1	7	4	11	8	17
Exp3_MAG_264	0	17	4	9	19	1	3	1	0	0	1	4	0	0	0	3	0	11	2	10	0	2
Exp3_MAG_100	0	1	0	0	24	3	0	1	0	0	0	0	0	4	0	0	0	6	0	1	1	1
Exp3_MAG_103	4	4	1	1	2	0	0	0	1	0	0	0	0	0	0	1	1	7	0	16	1	6
Exp3_MAG_25	5	5	1	0	0	0	0	0	0	0	0	0	0	0	0	0	0	0	1	3	0	3
Exp3_MAG_215	2	1	0	0	0	0	0	0	0	0	0	0	0	0	0	0	0	0	0	3	0	3
GROW_93_consensus	15	11	11	14	30	3	10	0	3	0	0	5	0	2	1	1	1	7	0	19	2	9
GROW_70_consensus	11	9	4	0	7	1	0	0	0	0	0	1	0	0	0	1	1	2	0	12	1	5
g_68A_medaka	11	10	11	14	11	1	4	0	1	0	0	1	0	0	0	0	1	0	0	13	1	4
GROW_76_consensus	11	10	11	15	11	1	4	0	1	0	0	1	0	0	0	0	1	0	0	13	1	4
GROW_131_consensus	18	11	11	17	22	2	9	5	0	1	1	4	1	0	0	1	1	1	0	13	2	8
Exp3_MAG_27	11	9	7	1	7	2	1	1	2	6	1	2	0	0	0	0	6	1	0	17	1	9
GROW_61_consensus	11	10	6	2	8	3	1	0	2	6	1	1	0	0	0	1	3	0	0	11	1	6
GROW_72_consensus	11	9	6	2	8	3	1	1	2	6	2	1	0	0	0	1	2	0	0	11	1	5
GROW_73_consensus	11	10	6	2	8	3	1	0	2	6	1	1	0	0	0	2	3	0	0	10	1	6
GROW_113_consensus	6	18	3	1	3	2	2	0	1	1	0	1	0	0	0	0	1	1	2	19	1	9
GROW_77_consensus	7	18	3	0	2	1	2	0	1	1	0	2	0	0	0	0	1	0	2	27	2	5
GCF_013423925	7	16	4	1	3	2	2	0	1	1	0	2	0	0	0	0	1	0	3	16	1	11
Exp3_MAG_60	5	8	3	0	3	2	1	0	1	1	0	0	0	0	0	0	1	0	2	6	2	5
GCF_029269265	8	16	3	1	2	2	1	0	2	1	0	0	0	0	0	1	1	0	4	13	1	10
Exp3_MAG_194	2	6	1	1	6	1	1	0	0	0	1	0	0	1	0	0	1	1	1	9	3	7
Exp3_MAG_199	3	10	2	2	3	1	0	0	0	0	0	1	0	0	0	2	1	6	0	5	0	0
LMAZ01000003	4	4	0	1	1	0	0	0	0	0	1	0	0	0	0	1	0	1	0	1	0	4
GCF_000267545	13	21	12	2	23	15	4	6	1	3	0	2	0	0	0	4	1	10	3	27	0	9
GCF_029269135	11	26	4	3	11	3	1	0	1	2	0	3	0	0	0	3	1	2	1	28	2	12
GROW_123_consensus	20	28	14	19	28	8	13	3	1	11	0	7	0	0	0	3	1	14	2	27	5	11
CP063454	23	32	15	21	20	11	12	1	2	7	0	6	0	1	0	4	1	8	3	33	3	9
GCF_026428315	23	32	15	21	20	11	12	1	2	7	0	6	0	1	0	4	1	8	3	33	3	9
GCF_029269255	19	28	15	18	19	9	11	0	2	14	0	6	0	0	0	2	1	6	2	31	4	8
GCF_051450025	19	28	15	18	19	9	11	0	2	14	0	6	0	0	0	2	1	6	2	31	4	8
GCF_026428335	19	31	16	13	44	9	11	6	1	10	0	6	0	1	0	3	1	6	2	42	4	12
CP063455	19	31	16	13	44	9	11	6	1	10	0	6	0	1	0	3	1	6	2	42	4	12
Exp3_MAG_239	17	21	8	2	17	7	10	1	1	3	1	4	0	2	0	2	1	3	2	38	1	15
GROW_83_consensus	15	34	12	4	24	8	9	0	1	5	1	9	1	0	0	3	1	5	2	36	4	16
GROW_105_consensus	20	32	13	18	41	8	12	3	1	9	0	12	2	2	0	5	1	8	4	42	4	20
GROW_68_consensus	22	27	15	17	41	12	14	13	1	10	0	6	1	2	0	3	1	7	2	46	6	12
GCF_029269225	21	26	16	3	37	7	13	12	1	10	0	7	1	2	0	3	1	6	2	47	6	12
GROW_67_consensus	23	26	14	17	40	9	13	13	1	9	0	6	1	2	0	3	1	7	2	43	7	12
GCF_029269295	21	26	15	3	35	10	11	9	1	10	0	7	0	2	0	3	1	12	2	46	2	12
GROW_74_consensus	23	28	11	10	32	9	14	8	1	8	0	8	2	2	0	3	1	10	3	45	2	13
GCF_015277575	16	23	15	2	27	5	11	0	1	4	1	2	0	1	0	3	1	5	2	30	1	14
GCF_029269175	18	26	15	2	27	6	11	0	1	4	1	3	0	1	0	2	1	5	2	32	1	13
GCF_029269195	17	25	15	2	34	6	10	0	1	7	1	2	1	3	0	4	1	9	4	35	3	11
GROW_101_consensus	20	24	20	3	38	7	9	0	2	7	1	3	1	3	0	5	1	8	3	47	8	17
GCF_000475415	6	20	8	2	10	0	6	0	0	1	0	2	0	0	0	4	1	8	5	10	1	9
GCF_000475255	3	24	10	1	9	2	2	0	1	1	0	1	0	3	0	0	1	5	1	21	1	13
GCF_000475375	4	33	9	4	12	3	1	0	1	2	0	1	0	3	0	1	1	10	1	34	2	17
GCF_000475315	4	25	2	3	6	2	0	0	0	1	0	1	0	0	0	0	1	5	1	30	1	15
GCF_000475355	4	26	2	3	7	3	0	0	1	1	0	1	0	0	0	0	1	5	1	31	2	16
GCF_000475295	4	24	3	3	4	3	0	1	0	1	0	0	0	0	0	1	1	11	1	28	1	19
GROW_115_consensus	6	24	23	1	30	5	19	1	1	7	0	1	0	4	0	2	0	7	1	23	0	6
GCF_000475335	3	17	16	2	10	1	13	0	1	3	0	2	0	4	0	0	0	2	1	22	0	7
GROW_126_consensus	9	17	22	3	31	5	20	0	0	4	0	3	0	4	0	3	0	5	1	28	0	7
Exp3_MAG_31	4	8	2	0	1	1	0	0	0	0	1	0	1	0	0	0	0	0	1	4	0	3
Exp3_MAG_144	0	14	3	0	4	0	1	0	1	0	0	0	0	0	0	0	0	2	1	9	0	8
Exp3_MAG_113	3	12	5	1	6	0	2	0	2	0	0	1	0	0	0	1	0	1	1	6	1	14
GROW_127_consensus	4	13	19	0	11	4	14	0	2	5	0	3	0	0	0	0	0	1	1	10	0	11
Exp3_MAG_196	5	10	6	1	9	4	6	0	0	5	4	2	2	0	0	1	1	1	3	7	1	14
Exp3_MAG_241	4	8	7	1	13	3	12	0	2	1	0	4	1	2	0	1	0	0	2	7	1	17
Exp3_MAG_131	6	26	4	13	18	2	3	0	1	4	0	4	0	2	0	4	0	15	2	16	10	18
Exp3_MAG_44	4	26	5	17	17	1	1	0	2	2	1	2	0	2	0	3	0	19	1	12	7	21
Exp3_MAG_189	5	14	1	13	18	5	3	0	1	5	2	7	1	0	0	5	0	6	0	11	4	14
Exp3_MAG_140	3	19	3	13	8	1	1	0	2	1	3	3	0	1	0	4	0	6	2	10	4	18
Exp3_MAG_85	2	15	7	10	22	4	6	1	4	3	1	1	0	1	0	2	0	5	1	7	0	14
Exp3_MAG_42	6	20	4	12	7	0	1	0	2	0	0	1	0	0	0	4	1	3	1	6	0	5
Exp3_MAG_236	7	5	0	2	5	0	0	4	1	0	1	0	0	0	0	0	1	1	0	13	0	4
Exp3_MAG_40	6	16	4	8	3	0	0	0	1	0	0	1	0	0	0	2	0	4	1	8	0	7
Exp3_MAG_150	4	15	5	5	31	1	6	8	1	4	0	2	0	0	0	1	1	2	1	13	1	7
Exp3_MAG_114	4	12	3	1	23	0	1	4	1	0	0	0	0	0	0	1	1	1	2	7	0	5
GCF_001190925	9	46	8	26	34	1	2	2	5	1	0	3	0	1	16	8	2	23	2	12	0	12
Exp3_MAG_287	4	8	2	5	5	0	0	0	1	0	0	0	0	0	1	3	0	2	2	5	1	3
Exp3_MAG_116	5	2	0	0	3	0	0	0	0	0	0	1	0	0	0	0	0	0	0	3	1	2
Exp3_MAG_205	5	2	0	0	3	1	0	0	0	0	0	1	0	0	0	0	0	1	0	5	1	2
Exp3_MAG_83	6	2	0	0	4	0	0	0	0	0	0	2	0	0	0	2	0	1	0	6	1	4
Exp3_MAG_14	6	2	0	0	4	0	1	0	0	0	0	1	0	1	0	0	0	0	0	8	1	4
Exp3_MAG_18	4	1	0	0	4	0	0	0	0	0	0	1	0	0	0	0	0	1	0	6	1	4
Exp3_MAG_47	6	2	0	0	2	1	0	0	0	0	0	1	0	0	0	0	0	1	0	7	0	5
Exp3_MAG_275	6	1	0	0	3	1	0	0	0	0	0	1	0	0	0	0	0	1	0	1	0	4
Exp3_MAG_228	5	1	0	0	1	0	0	0	0	0	0	0	0	1	0	0	0	1	0	3	0	5
Exp3_MAG_48	4	5	1	3	7	1	1	0	0	1	0	0	0	0	0	2	1	0	0	6	1	5
Exp3_MAG_78	4	3	1	1	5	1	0	0	1	0	0	0	0	0	0	2	1	0	0	6	0	3
Exp3_MAG_73	3	3	0	1	4	1	0	0	0	0	0	0	0	0	0	2	1	0	0	5	0	4
Exp3_MAG_283	4	1	0	0	3	0	0	0	1	0	0	0	0	0	0	0	1	0	0	4	0	1
Exp3_MAG_32	4	23	8	14	22	1	8	2	3	1	3	2	2	1	0	5	1	9	0	10	4	28
Exp3_MAG_111	5	11	1	3	11	2	2	0	2	2	0	0	0	1	0	6	0	4	1	5	0	7
Exp3_MAG_262	7	40	11	11	62	14	17	2	5	8	2	0	3	5	0	18	1	16	4	18	6	20
Exp3_MAG_93	4	19	6	13	11	6	3	0	2	2	1	1	0	1	0	3	1	5	2	12	0	18
Exp3_MAG_56	7	13	22	4	26	6	14	0	2	10	1	2	2	2	0	4	1	8	0	16	2	12
Exp3_MAG_122	5	13	13	13	15	6	14	0	3	3	0	2	0	2	0	2	0	5	2	10	2	7
Exp3_MAG_79	4	35	11	5	27	4	15	6	3	1	5	2	0	3	0	11	2	16	1	11	2	22
Exp3_MAG_90	4	17	11	13	11	5	4	0	2	3	1	0	0	0	0	4	0	3	0	14	2	21
Exp3_MAG_141	6	18	10	4	17	1	11	1	2	2	2	2	0	0	0	8	1	7	1	18	1	15
Exp3_MAG_154	5	14	9	3	14	4	11	0	2	2	2	1	0	1	0	4	1	7	1	9	3	17
CP010516	7	20	6	10	5	4	3	0	3	1	0	1	2	0	0	5	2	4	2	4	1	15
Exp3_MAG_8	5	22	7	16	29	2	12	7	2	6	0	4	0	1	0	7	1	10	2	16	3	14
Exp3_MAG_129	17	28	20	10	58	12	16	2	5	11	2	6	1	9	0	14	5	13	2	32	4	27
GCF_014634705	6	35	38	15	62	7	26	5	7	4	2	4	1	5	0	33	1	19	5	14	4	17
Exp3_MAG_204	3	11	2	2	8	2	1	0	2	0	0	2	0	0	0	5	1	2	2	6	0	5
Exp3_MAG_195	5	17	6	1	26	10	3	0	3	8	1	2	0	1	0	3	2	4	1	25	3	18
Exp3_MAG_162	5	42	22	22	55	13	16	3	8	13	3	2	2	3	0	10	1	21	4	24	6	25
Exp3_MAG_119	6	21	13	12	35	7	12	0	5	6	0	1	0	0	0	15	0	7	3	16	2	18
Exp3_MAG_64	5	25	11	3	14	4	8	0	2	8	2	1	0	0	0	3	2	7	3	15	2	13
Exp3_MAG_152	5	21	7	6	20	10	8	0	5	3	2	1	0	0	0	3	0	7	4	17	1	19
Exp3_MAG_147	5	16	9	2	19	6	8	0	5	6	2	0	3	1	0	9	0	8	1	11	1	13
Exp3_MAG_261	4	17	7	3	17	5	6	0	2	5	1	0	3	1	0	8	0	5	0	9	1	10
Exp3_MAG_192	3	24	11	3	5	2	5	0	0	1	1	1	0	0	0	1	1	4	1	22	0	30
Exp3_MAG_201	4	9	6	8	21	0	2	8	1	0	0	1	0	0	0	3	1	3	0	11	0	10
Exp3_MAG_234	4	18	4	12	18	5	2	0	3	7	1	1	0	0	0	4	1	4	2	13	1	22
Exp3_MAG_255	4	18	6	11	11	2	4	0	2	1	0	0	0	0	0	1	1	3	1	9	1	14
Exp3_MAG_57	5	14	8	12	20	2	13	0	5	3	1	4	1	0	0	11	2	7	3	12	0	18
Exp3_MAG_290	3	17	8	11	19	1	8	0	5	3	1	1	0	2	0	0	1	5	0	10	1	21
Exp3_MAG_271	4	13	6	11	8	0	4	0	2	0	0	1	0	0	0	3	1	3	1	7	0	18
Exp3_MAG_259	6	14	5	8	11	1	7	0	1	3	0	1	0	0	0	1	1	4	2	10	1	16
Exp3_MAG_288	1	5	3	0	5	1	2	0	0	0	1	0	0	0	0	0	0	1	0	2	0	7
Exp3_MAG_256	3	14	9	12	16	6	12	0	3	12	1	2	0	0	0	2	2	6	1	11	2	21
Exp3_MAG_231	6	20	9	12	12	5	7	0	4	1	0	1	0	0	0	3	1	7	0	15	2	16
Exp3_MAG_59	6	16	7	10	12	2	4	0	4	2	0	3	1	0	0	2	0	5	1	20	1	21
Exp3_MAG_269	3	11	4	10	9	0	6	0	2	6	0	0	0	0	0	2	1	5	2	13	1	16
Exp3_MAG_157	3	20	5	12	14	2	5	0	3	3	1	2	0	0	1	3	1	4	2	9	1	14
Exp3_MAG_105	5	17	3	12	25	4	2	0	3	6	0	2	2	0	0	8	1	4	0	11	1	22
Exp3_MAG_148	4	19	5	11	23	7	3	0	5	3	0	1	0	0	0	7	1	4	1	9	6	12
Exp3_MAG_136	4	14	9	1	21	2	9	1	4	2	2	1	0	0	0	4	1	4	4	11	1	21
Exp3_MAG_104	4	24	12	14	25	5	13	0	4	1	1	1	2	0	0	9	1	8	2	10	4	21
Exp3_MAG_252	6	24	13	10	19	6	14	0	3	4	2	0	2	0	0	8	1	4	2	10	4	21
Exp3_MAG_166	4	3	3	1	12	1	2	4	0	0	1	1	0	0	0	1	1	1	1	8	1	12
Exp3_MAG_112	1	7	0	4	4	0	0	0	0	1	2	1	0	2	1	1	2	3	6	3	0	7
Exp3_MAG_230	0	4	0	0	1	0	0	0	0	1	1	1	0	0	0	0	3	1	2	2	0	6
Exp3_MAG_124	0	2	0	2	1	0	0	0	0	0	0	1	0	1	0	0	0	3	2	3	0	10
Exp3_MAG_70	0	1	0	2	3	0	0	0	0	0	1	1	0	0	0	0	0	0	0	1	0	12
Exp3_MAG_125	0	2	0	2	1	0	0	0	0	0	1	0	0	1	0	0	0	2	0	0	1	1
Exp3_MAG_127	0	0	0	0	0	0	0	0	0	0	0	0	0	0	0	0	0	0	0	0	0	0
Exp3_MAG_206	0	3	0	4	2	0	0	0	0	0	0	0	0	0	0	0	3	1	0	0	1	5
Exp3_MAG_187	0	5	0	5	2	0	0	0	0	0	0	0	0	0	0	0	0	1	2	3	0	5
L3_medaka	0	3	0	0	6	0	0	1	0	0	0	3	0	0	0	0	0	4	0	5	1	4
GCF_041920375	1	34	1	15	15	0	0	2	1	0	0	4	0	0	1	4	0	2	3	7	2	3
GCF_041920455	1	22	1	5	3	0	0	1	0	0	0	1	0	0	0	2	0	3	3	6	0	7
L4_medaka	1	4	0	0	8	0	1	1	0	0	0	5	0	0	0	0	0	1	0	7	2	7
GCF_041920365	0	12	1	4	6	1	0	1	0	0	0	1	0	0	0	1	0	1	3	4	1	5
GCF_041920485	1	23	3	4	7	0	0	1	0	1	0	1	0	1	0	2	0	2	1	8	0	5
GCF_041920355	1	23	3	14	13	0	0	0	0	0	0	4	0	0	0	3	0	3	2	8	1	6
g_65_medaka	11	16	11	17	11	1	4	0	1	0	0	1	0	0	1	0	2	1	4	16	1	6
g_66_medaka	11	12	13	15	15	1	5	1	1	0	0	2	0	2	0	2	2	6	0	24	2	16
GCF_041920425	0	17	1	12	4	1	1	0	0	0	1	0	0	0	1	3	0	3	0	3	0	9
Exp3_MAG_77	1	3	1	3	5	0	0	0	0	1	0	0	0	1	0	1	1	5	0	4	0	6
Exp3_MAG_10	1	1	1	0	3	0	1	0	0	0	0	1	0	0	0	0	0	2	0	3	1	2
Exp3_MAG_22	2	3	1	0	3	0	1	1	0	0	0	1	0	1	0	0	1	1	2	2	0	5
Exp3_MAG_67	0	3	1	0	1	0	2	0	0	0	0	0	0	0	0	0	0	0	1	0	0	1
Exp3_MAG_63	0	0	0	0	0	0	0	0	0	0	0	0	0	0	0	0	0	1	0	0	0	0
Exp3_MAG_208	1	4	1	0	2	0	1	0	0	0	0	0	0	0	0	0	1	3	0	7	0	5
Exp3_MAG_280	2	6	0	0	4	2	1	0	0	0	1	0	0	0	0	0	1	2	0	5	2	4
Exp3_MAG_46	0	17	2	10	9	0	1	0	0	0	0	0	0	2	0	2	0	23	0	28	2	25
Exp3_MAG_151	0	25	3	5	17	0	0	0	0	0	0	0	0	5	0	1	0	33	0	33	5	19
Exp3_MAG_165	0	25	2	9	13	0	0	0	0	0	0	1	0	1	0	2	0	31	1	23	3	18
Exp3_MAG_185	0	5	2	0	3	0	0	1	0	0	0	0	0	2	0	1	0	1	2	2	0	5
Exp3_MAG_226	0	15	2	3	13	0	2	4	0	0	0	0	0	0	0	4	0	2	2	9	1	5
Exp3_MAG_39	0	14	7	7	32	0	12	10	0	0	0	3	1	0	0	7	0	8	3	18	14	13
GCF_002189495	1	5	10	10	19	2	11	1	2	2	0	2	0	2	0	2	0	13	5	12	3	5
GCF_020886775	0	15	11	10	34	1	11	2	2	4	0	0	2	5	0	2	0	11	1	18	4	10
GROW_128_consensus	1	10	2	12	8	0	1	0	1	0	0	2	0	0	0	0	0	3	1	10	2	8
Exp3_MAG_218	0	6	1	3	6	0	3	0	0	3	0	3	0	1	0	2	0	4	1	5	1	3
Exp3_MAG_169	0	9	10	10	4	0	15	2	0	2	0	2	0	0	0	5	0	5	3	6	3	5
Exp3_MAG_212	0	4	1	5	2	0	0	1	0	0	0	0	0	0	0	1	0	1	0	1	1	4
Exp3_MAG_158	0	3	0	0	0	0	0	0	0	0	0	0	0	0	0	0	0	1	0	1	0	1
Exp3_MAG_143	0	6	1	2	5	0	0	1	0	0	0	0	0	0	0	1	0	0	0	4	0	4
Exp3_MAG_289	0	2	2	0	3	0	0	2	0	0	0	0	0	0	0	0	0	0	0	3	0	3
Exp3_MAG_200	0	4	2	0	3	0	0	0	0	0	0	0	0	0	0	1	0	0	0	5	1	2
Exp3_MAG_244	0	19	7	10	28	2	7	1	0	3	0	3	2	1	0	4	1	16	2	22	2	38
GCF_000470885	4	73	22	12	78	1	18	9	1	8	1	3	1	8	0	7	0	39	5	52	0	32
GCF_000736435	5	84	27	25	82	1	23	6	2	13	0	16	5	9	0	22	0	51	8	75	8	46
Exp3_MAG_43	1	22	3	5	17	0	2	3	0	0	0	0	0	4	0	3	0	28	0	25	4	6
Exp3_MAG_66	3	14	2	12	3	1	0	2	0	0	1	0	0	0	0	1	1	0	0	6	2	7
Exp3_MAG_197	1	13	3	9	10	0	1	3	0	0	0	0	0	0	1	1	1	2	1	3	1	8
