DATASET_HEATMAP
SEPARATOR TAB
DATASET_LABEL	subcategory_counts_besthit
COLOR	#2166ac
FIELD_LABELS	Transportation	Beta-oxidation	Catechol-ortho	Phenylacetate	1-Methylnaphthalene/2-Methylnaphthalene	Naphthalene	Salicylate	Protocatechuate	Catechol-meta	Toluene	Gentisate	Gallate	Pyrogallol	Hydroquinone	Hydroxyquinol	Benzoate	Benzene	Benzoyl-CoA	Oxalate	Tannin	Cyclohexanecarboxylate	Cyclohexylacetate	Auxillary alkane pathway	Finnerty pathway	Hydrocarbon uptake	Subterminal oxidation	Terminal/biterminal oxidation	2-methylpropene	Ethene/chloroethene	Isoprene	Propene	2-Aminophenol	2-Nitrobenzoate	4-Hydroxyphenylacetate	Aniline	Anthranilate	Biphenyl	Carbazol	Chlorobenzen	Chlorocatechol	Dibenzofuran	Fluoren	Homogentisate	Homoprotocatechuate	p-Cumate	Phenol	Phthalate	Pyrene	Styrene	Terephthalate	3PET/PCL/PLA	LDPE	NR	Nylon	O-PVA/PVA	P3HP/P4HB/PEA/PES/PHA/PHB	PCL/PHA/PHBV/PHPV	PHA/PHB	PHA/PHB/PPL	PHA/PHO	PHB	P3HV/PHA/PHBV	PBAT	PBSA/PCL/PLA	PCL/PET/PU	PET	PLA	PU	PBAT/PBS/PBSA/PCL/PET/PHA/PHB/PLA	PBS	PCL/PET	PBS/PBSA	PCL	PBS/PBSA/PCL	PBS/PBSA/PCL/PES/PHA/PHB/PLA	PBS/PBSA/PCL/PES/PHA/PLA	PBS/PCL/PET/PHA/PHB/PLA/PU	PBS/PCL/PHA/PHB/PLA	PBSA	PBSA/PCL/PES/PHA/PHBV/PLA	PBSA/PLA	PET/PLA	PCL/PES/PET	PET/PU	PCL/PU	PE	PEG	PMCL	PHA	PHA/PHB/PHBV	PVA
COLOR_MIN	#f7fbff
COLOR_MAX	#08306b
COLOR_NAN	#d9d9d9
AUTO_LEGEND	1
SHOW_INTERNAL	0
SHOW_LABELS	1
LABEL_ROTATION	90
STRIP_WIDTH	18
MARGIN	20
BORDER_WIDTH	0
USER_MIN_VALUE	0
USER_MAX_VALUE	84
DATA
Exp3_MAG_191	0	1	0	0	0	1	0	0	1	1	0	0	1	1	0	0	0	0	0	0	1	0	1	0	0	0	4	1	0	0	2	0	0	0	0	0	0	0	0	0	0	0	0	0	0	0	0	0	0	0	0	0	0	0	0	0	0	0	0	0	0	0	0	0	0	0	0	1	0	0	0	0	0	0	0	0	0	0	0	0	0	0	0	0	0	0	0	0	0	0	0
CP010517	0	6	10	3	0	1	4	7	0	3	0	4	0	2	0	1	6	0	9	0	2	1	2	0	1	0	5	2	0	0	1	0	1	0	0	0	1	0	0	0	0	0	1	2	0	0	0	0	0	0	0	0	0	1	0	0	0	1	0	0	0	0	1	1	1	3	1	2	0	0	0	0	0	0	0	0	0	0	0	0	0	0	0	0	0	0	0	0	0	0	0
Exp3_MAG_156	3	4	0	2	0	0	0	0	0	0	1	0	1	0	0	0	1	0	0	1	2	0	0	4	1	0	2	0	0	0	1	0	0	0	0	0	0	0	0	0	0	0	0	0	0	0	0	0	0	1	0	0	0	0	0	0	0	0	0	0	0	0	0	0	0	1	0	0	0	0	0	0	0	0	0	0	0	0	0	0	0	0	0	0	0	0	0	0	0	0	0
Exp3_MAG_88	3	4	0	2	0	0	0	0	0	0	1	0	0	0	0	0	1	0	0	0	0	0	0	1	0	0	2	0	0	0	2	0	0	0	0	0	0	0	0	0	0	0	0	0	0	0	0	0	0	1	0	0	0	0	0	0	0	0	0	0	0	0	0	0	0	1	0	0	0	0	0	0	0	0	0	0	0	0	0	0	0	0	0	0	0	0	0	0	0	0	0
Exp3_MAG_209	1	8	3	12	0	0	0	1	0	1	0	0	0	2	0	0	0	0	1	0	1	2	0	1	0	0	0	0	0	0	1	1	0	0	0	0	0	0	0	0	0	0	0	0	0	0	0	0	0	0	0	0	0	0	0	0	0	1	0	0	0	0	0	0	0	0	2	1	0	0	0	0	0	0	0	1	0	0	0	0	0	0	0	0	0	0	0	0	1	0	0
Exp3_MAG_12	1	7	4	3	0	0	0	2	0	1	2	0	0	2	0	0	0	0	0	0	0	1	1	1	0	0	1	0	0	0	0	0	1	0	0	2	1	0	0	0	0	0	0	0	0	0	0	0	0	0	0	0	0	0	0	0	0	0	0	0	0	0	0	0	0	0	0	0	0	0	0	0	0	0	0	0	0	0	0	0	0	0	0	0	0	0	0	0	0	0	0
Exp3_MAG_155	2	7	4	3	0	0	0	1	0	1	0	0	2	2	0	1	1	0	0	0	1	2	1	1	1	0	4	0	0	0	2	0	0	0	0	0	0	0	0	0	0	0	0	1	0	0	0	0	0	0	0	0	0	0	0	0	0	0	0	0	0	0	0	0	0	0	0	0	0	0	0	0	0	0	0	0	0	0	0	0	0	0	0	0	0	0	1	0	0	0	0
Exp3_MAG_76	2	7	4	3	0	0	0	1	0	0	0	0	2	1	0	1	1	0	0	0	1	2	1	1	1	0	2	0	0	0	1	0	0	0	0	0	0	0	0	0	0	0	0	0	1	0	0	0	0	0	0	0	0	0	0	0	0	0	0	0	0	0	0	0	0	0	1	0	0	0	0	0	0	0	0	0	0	0	0	0	0	0	0	0	0	0	1	0	0	0	0
Exp3_MAG_216	3	5	2	6	0	0	0	1	0	0	0	0	0	1	0	1	1	0	0	0	0	1	0	1	0	0	1	0	0	0	0	1	0	0	0	0	0	0	0	0	0	0	0	0	0	0	0	0	0	0	0	0	0	0	0	0	0	0	0	0	0	1	0	0	0	0	1	0	0	0	0	0	0	0	0	0	0	0	0	0	0	0	0	0	0	0	0	0	0	0	0
Exp3_MAG_178	5	5	1	16	0	0	0	1	0	0	1	0	0	1	0	0	0	0	0	1	0	2	0	1	0	0	1	0	0	0	0	1	0	0	0	0	0	0	0	0	0	0	0	1	1	0	0	0	0	0	0	0	0	0	0	0	0	0	0	0	0	1	0	0	0	0	0	0	0	0	0	0	0	0	0	0	0	0	0	0	0	0	0	0	0	0	0	0	0	0	0
Exp3_MAG_126	3	7	4	17	0	0	0	2	0	0	1	0	0	2	0	0	0	0	0	1	2	0	1	1	1	0	0	0	0	0	0	1	0	0	0	0	0	0	0	0	0	0	0	0	1	0	0	0	0	0	0	0	0	0	0	0	0	0	0	0	0	1	0	0	0	0	0	1	0	0	0	0	0	0	0	0	0	0	0	0	0	0	0	0	0	0	0	0	0	0	2
Exp3_MAG_75	1	8	3	14	0	0	0	1	0	0	1	0	0	0	0	0	0	0	0	1	1	2	0	1	0	0	1	0	0	0	0	1	0	0	0	0	1	0	0	0	0	0	0	0	1	0	0	0	0	0	0	0	0	0	0	0	0	0	0	0	0	1	0	0	0	0	2	0	0	0	0	0	0	0	0	0	0	0	0	0	0	0	0	0	0	0	0	0	0	0	1
Exp3_MAG_71	5	6	2	16	0	0	0	1	0	0	1	0	0	2	0	0	0	0	0	1	2	2	0	2	0	0	1	0	0	0	0	1	0	0	0	0	0	0	0	0	0	0	0	0	0	0	0	0	0	0	0	0	0	0	0	0	0	1	0	0	0	1	0	0	0	0	1	0	0	0	0	0	0	0	0	0	0	0	0	0	0	0	0	0	0	0	0	0	0	0	1
Exp3_MAG_72	1	4	2	10	0	0	1	1	0	0	1	0	0	0	0	0	0	0	0	0	2	1	0	1	0	0	1	0	0	0	0	1	0	0	0	0	0	0	0	0	0	0	0	0	1	0	0	0	0	0	0	0	0	0	0	0	0	1	0	0	0	2	0	0	0	0	0	0	0	0	0	0	0	0	0	0	0	0	0	0	0	0	0	0	0	0	0	0	0	0	0
Exp3_MAG_176	3	7	2	13	0	0	0	1	0	0	1	0	1	1	0	0	1	0	0	1	2	2	1	1	0	0	1	0	0	0	0	1	0	0	0	0	0	0	0	0	0	0	0	0	1	0	0	0	0	0	0	0	0	0	0	0	0	1	0	0	0	2	0	0	0	0	1	0	0	0	0	0	0	0	0	0	0	0	0	0	0	0	0	0	0	0	0	0	0	0	0
GROW_118_consensus	2	7	3	2	0	0	0	0	0	1	1	0	1	1	0	0	0	0	0	1	1	1	0	1	2	0	1	1	0	0	0	0	0	0	0	0	0	0	0	0	0	0	0	1	0	0	0	0	0	0	0	0	0	0	0	0	0	0	0	0	0	0	0	0	0	0	0	0	0	0	0	0	0	0	0	1	0	0	0	0	0	0	0	0	0	0	0	0	0	0	0
GROW_116_consensus	2	7	3	2	0	0	0	0	0	1	1	0	1	1	0	0	0	0	0	1	1	1	0	1	2	0	1	1	0	0	0	0	0	0	0	0	0	0	0	0	0	0	0	1	0	0	0	0	0	0	0	0	0	0	0	0	0	0	0	0	0	0	0	0	0	0	0	0	0	0	0	0	0	0	0	1	0	0	0	0	0	0	0	0	0	0	0	0	0	0	0
Exp3_MAG_268	2	7	1	2	0	0	0	1	1	0	1	0	0	2	0	0	0	0	0	1	1	2	1	3	1	0	3	0	0	0	0	0	0	0	0	0	0	0	0	0	0	0	0	0	1	0	0	0	0	0	0	0	0	0	0	0	0	0	0	0	0	0	1	1	1	3	1	2	0	0	0	0	1	0	0	0	0	0	0	0	0	0	0	0	0	0	0	0	0	0	0
Exp3_MAG_52	0	9	2	8	0	0	0	0	0	1	1	0	1	0	0	0	0	0	0	0	3	1	1	2	0	0	4	0	0	0	3	0	0	0	0	0	0	0	0	0	0	0	0	0	1	0	0	0	0	0	0	0	0	0	0	0	0	0	0	0	0	0	3	3	3	4	5	4	0	0	0	0	0	0	0	0	0	0	0	1	0	0	0	0	0	0	1	0	0	0	1
Exp3_MAG_120	1	7	1	1	0	0	0	0	0	0	1	0	0	1	0	0	0	0	0	0	2	0	1	1	0	0	0	0	0	0	1	0	0	0	0	0	0	0	0	0	0	0	0	0	0	0	0	0	0	0	0	0	0	0	0	0	0	0	0	0	0	0	3	3	3	3	4	3	0	0	0	0	0	0	0	0	0	0	0	0	0	0	0	0	0	0	0	0	0	0	0
Exp3_MAG_51	1	9	2	3	0	0	0	0	1	0	1	0	0	0	0	0	1	0	0	0	1	1	1	1	1	0	2	0	0	0	2	1	0	0	0	0	0	0	0	0	0	0	0	0	1	0	0	0	0	0	0	0	0	0	0	0	0	0	0	0	0	0	5	5	5	5	5	5	0	0	0	0	0	0	0	0	0	0	0	0	0	0	0	0	0	0	0	0	0	0	2
Exp3_MAG_134	2	6	0	2	0	0	0	0	0	0	1	0	0	0	0	0	0	0	0	0	1	1	0	2	1	0	3	0	0	0	0	0	0	0	0	0	0	0	0	0	0	0	0	0	0	0	0	0	0	0	0	0	0	0	0	0	0	0	0	0	0	0	0	0	0	0	1	0	0	0	0	0	0	0	0	0	0	0	0	0	0	0	0	0	0	0	0	0	0	0	1
Exp3_MAG_190	5	7	3	4	0	0	0	1	0	0	1	0	0	0	0	1	2	0	0	0	1	1	0	1	0	0	2	0	0	0	0	0	0	0	0	0	1	0	0	0	0	0	0	0	1	0	0	0	0	0	0	0	0	0	0	0	0	0	0	0	0	1	0	0	0	0	0	0	0	0	0	0	0	0	0	0	0	0	0	0	0	0	0	0	0	0	0	0	0	0	0
Exp3_MAG_184	1	9	2	3	0	0	0	0	0	0	1	0	0	1	0	0	0	0	0	0	1	1	1	2	0	0	3	0	0	0	1	1	0	0	0	0	1	0	0	0	0	0	0	0	0	0	0	0	0	0	0	0	0	0	0	0	0	0	0	0	0	0	1	1	1	3	1	1	0	0	0	0	0	0	0	0	0	0	0	0	0	0	0	0	0	0	0	0	0	0	1
Exp3_MAG_219	2	8	1	2	0	0	0	5	0	2	1	0	0	1	0	0	0	0	0	0	3	1	2	1	0	0	2	2	0	0	2	0	0	0	0	0	0	0	0	0	0	0	0	1	0	0	0	0	0	0	0	0	0	0	0	0	0	0	0	0	0	0	2	2	2	5	4	2	0	0	0	0	0	0	0	0	0	0	0	0	0	0	0	0	0	0	0	0	0	0	0
Exp3_MAG_34	3	12	2	5	0	0	0	3	0	1	1	0	1	1	0	0	0	0	0	0	4	1	0	1	0	0	6	0	0	0	1	0	0	0	0	0	0	0	0	0	0	0	0	0	0	0	0	0	0	0	0	0	0	0	0	0	0	0	0	0	0	0	3	3	3	5	4	5	0	0	0	0	0	0	0	0	0	0	0	1	0	0	0	0	0	0	1	0	0	0	0
Exp3_MAG_175	1	6	2	4	0	0	0	2	0	0	0	0	0	3	0	0	0	0	0	3	2	1	0	1	1	0	1	0	0	0	0	0	0	0	0	1	1	0	0	0	0	0	0	0	0	0	0	0	0	0	0	0	0	0	0	0	0	0	0	0	0	0	0	0	0	1	1	2	0	0	0	0	0	0	0	0	0	0	0	0	0	0	0	0	0	0	1	0	0	0	0
Exp3_MAG_251	2	7	1	2	0	0	0	0	1	2	0	0	0	1	0	0	0	0	0	1	1	0	2	1	0	0	0	0	0	0	1	0	0	0	0	0	1	0	0	0	0	0	0	1	0	0	0	0	0	0	0	0	0	0	0	0	0	0	0	0	0	0	1	1	1	2	1	1	0	0	0	0	0	0	0	0	0	0	0	0	0	0	0	0	0	0	0	0	0	0	0
Exp3_MAG_207	1	7	3	3	0	0	0	2	0	1	1	0	0	1	0	0	0	0	0	1	0	0	0	2	0	0	3	0	0	0	1	0	0	0	0	0	1	0	0	0	0	0	0	0	0	0	0	0	0	0	0	0	0	0	0	0	0	0	0	0	0	0	3	3	3	5	3	3	0	0	0	0	0	0	0	0	0	0	0	0	0	0	0	0	0	0	0	0	0	0	0
Exp3_MAG_24	2	7	2	13	0	0	0	1	0	1	0	0	0	1	0	0	0	0	0	1	1	1	0	1	0	0	0	0	0	0	0	2	0	0	0	0	0	0	0	0	0	0	0	0	0	0	0	0	0	0	0	0	0	0	0	0	0	0	0	0	0	0	0	0	0	0	0	0	0	0	0	0	0	0	0	0	0	0	0	0	0	0	0	0	0	0	0	0	0	0	0
Exp3_MAG_167	1	4	3	13	0	0	0	2	1	1	1	0	0	0	0	0	0	0	0	1	0	0	0	2	0	0	2	1	0	0	0	0	0	0	0	0	0	0	0	0	0	0	0	1	0	0	0	0	0	0	0	0	0	0	0	0	0	0	0	0	0	0	1	1	1	1	1	1	0	0	0	0	1	0	0	0	0	0	0	0	0	0	0	0	0	0	0	0	0	0	1
Exp3_MAG_98	4	6	3	8	0	0	0	1	0	1	0	0	0	0	0	0	0	0	0	0	1	1	0	1	0	0	1	1	0	0	2	0	0	0	0	0	0	0	0	0	0	0	0	0	0	0	0	0	0	0	0	0	0	0	0	0	0	0	0	0	0	0	0	0	0	1	0	0	0	0	0	0	0	0	0	0	0	0	0	0	0	0	0	0	0	0	0	0	0	0	0
Exp3_MAG_217	3	7	2	11	0	0	0	1	1	2	0	0	0	3	0	0	0	0	0	1	2	1	1	2	0	0	4	0	0	0	1	0	0	0	0	0	0	0	0	0	0	0	0	0	1	0	0	0	0	0	0	0	0	0	0	0	0	0	0	0	0	0	2	2	2	2	3	2	0	0	0	0	1	0	0	0	0	0	0	0	0	0	0	0	0	0	0	0	0	0	0
Exp3_MAG_159	1	7	2	13	0	0	0	1	0	1	0	0	0	2	0	0	0	0	2	1	2	2	0	2	0	0	2	1	0	0	1	0	0	0	0	0	0	0	0	0	0	0	0	0	3	0	0	0	0	0	0	0	0	0	0	0	0	0	0	0	0	0	2	2	2	3	2	2	0	0	0	0	1	0	0	0	0	0	0	0	0	0	0	0	0	0	0	0	0	0	1
Exp3_MAG_128	3	7	2	12	0	0	1	1	0	1	0	0	0	2	0	0	0	0	1	1	5	2	0	2	0	0	3	0	0	0	1	0	0	0	0	0	0	0	0	0	0	0	0	1	1	0	0	0	0	0	0	0	0	0	0	0	0	0	0	0	0	0	1	1	1	2	2	1	0	0	0	0	1	0	0	0	0	0	0	0	0	0	0	0	0	0	0	0	0	0	0
Exp3_MAG_15	5	7	3	12	0	0	0	1	0	2	1	0	0	1	0	0	0	0	0	1	7	2	1	2	0	0	2	0	0	0	0	0	0	0	0	0	0	0	0	0	0	0	0	0	1	0	0	0	0	0	0	0	0	0	0	0	0	0	0	0	0	0	1	1	1	1	1	1	0	0	0	0	0	0	0	0	0	0	0	0	0	0	0	0	0	0	0	0	0	0	0
Exp3_MAG_108	3	8	2	10	1	1	0	2	0	2	0	0	0	1	0	2	1	0	0	0	2	0	0	1	0	0	1	0	0	0	1	0	0	0	0	0	0	0	0	0	0	0	0	0	0	0	0	0	0	0	0	0	0	0	0	0	0	0	0	0	0	0	3	3	3	3	5	3	0	0	0	0	0	0	0	0	0	0	0	0	0	0	0	0	0	0	0	0	0	0	1
Exp3_MAG_225	1	6	3	11	0	0	1	1	1	1	0	0	0	2	0	0	0	0	0	1	1	1	0	2	0	0	2	0	0	0	1	0	0	0	0	0	1	0	0	0	0	0	0	0	0	0	0	0	0	0	0	0	0	0	0	0	0	0	0	0	0	0	1	1	1	3	1	1	0	0	0	0	0	0	0	0	0	0	0	0	0	0	0	0	0	0	0	0	0	0	0
Exp3_MAG_30	6	8	2	12	0	0	0	1	0	2	0	0	0	3	0	0	0	0	0	1	2	2	1	1	0	0	2	0	0	0	1	0	0	0	0	0	0	0	0	0	0	0	0	1	1	0	0	0	0	0	0	0	0	0	0	0	0	0	0	0	0	1	3	3	3	5	4	3	0	0	0	0	0	0	0	0	0	0	0	0	0	0	0	0	0	0	0	0	0	0	1
Exp3_MAG_89	4	6	3	12	0	0	0	2	1	1	0	0	0	3	0	1	1	0	0	1	2	1	2	1	0	0	1	0	0	0	3	0	0	0	0	0	0	0	0	0	0	0	0	1	0	0	0	0	0	0	0	0	0	0	0	0	0	0	0	0	0	0	1	1	1	2	2	2	0	0	0	0	0	0	0	0	0	0	0	0	0	0	0	0	0	0	0	0	0	0	0
Exp3_MAG_171	3	6	2	13	0	0	1	1	1	2	0	0	1	3	0	1	0	0	1	1	1	1	1	1	0	0	2	0	0	0	1	0	0	0	0	0	0	0	0	0	0	0	0	0	0	0	0	0	0	0	0	0	0	0	0	0	0	0	0	0	0	1	2	2	2	4	2	2	0	0	0	0	0	0	0	0	0	0	0	0	0	0	0	0	0	0	0	0	0	0	1
Exp3_MAG_180	2	7	3	11	0	0	0	2	1	1	0	0	0	3	0	1	1	0	0	1	1	0	1	1	0	0	2	0	0	0	1	0	0	0	0	0	0	0	0	0	0	0	0	1	1	0	0	0	0	0	0	0	0	0	0	0	0	0	0	0	0	0	1	1	1	2	1	1	0	0	0	0	0	0	0	0	0	0	0	0	0	0	0	0	0	0	0	0	0	0	0
Exp3_MAG_80	3	7	2	11	0	0	0	1	1	1	0	0	0	1	0	0	0	0	2	1	1	1	0	1	0	0	1	0	0	0	1	0	0	0	0	0	1	0	0	0	0	0	0	0	0	0	0	0	0	0	0	0	0	0	0	0	0	0	0	0	0	0	1	1	1	2	1	1	0	0	0	0	0	0	0	0	0	0	0	0	0	0	0	0	0	0	0	0	0	0	1
Exp3_MAG_223	3	7	3	12	0	0	0	2	1	2	0	0	0	0	0	0	0	0	0	1	1	1	0	1	0	0	2	0	0	0	0	0	0	0	0	0	0	0	0	0	0	0	0	0	1	0	0	0	0	0	0	0	0	0	0	0	0	0	0	0	0	0	1	1	1	3	2	1	0	0	0	0	0	0	0	0	0	0	0	0	0	0	0	0	0	0	0	0	0	0	0
Exp3_MAG_91	0	2	1	1	0	0	0	1	0	0	0	0	0	0	0	0	0	0	0	1	1	1	0	1	0	0	0	0	0	0	0	0	0	0	0	0	0	0	0	0	0	0	0	0	0	0	0	0	0	0	0	0	0	0	0	0	0	0	0	0	0	0	0	0	0	0	0	0	0	0	0	0	0	0	0	0	0	0	0	0	0	0	0	0	0	0	0	0	0	0	0
Exp3_MAG_274	2	6	2	12	0	1	1	1	0	4	0	0	0	0	0	0	1	0	0	1	1	2	1	1	0	0	0	1	0	0	0	0	0	0	0	0	0	0	0	0	0	0	0	1	1	0	0	0	0	1	0	0	0	0	0	0	0	0	0	0	0	0	2	2	2	5	3	2	0	0	0	0	0	0	0	0	0	0	0	0	0	0	0	0	0	0	0	0	0	0	0
Exp3_MAG_55	1	6	2	13	0	0	0	1	1	1	0	0	0	0	0	0	0	0	1	1	3	1	0	1	0	0	0	2	0	0	2	1	0	0	0	0	0	0	0	0	0	0	0	0	0	0	0	0	0	1	0	0	0	0	0	0	0	0	0	0	0	0	1	1	1	1	1	1	0	0	0	0	0	0	0	0	0	0	0	0	0	0	0	0	0	0	0	0	0	0	0
Exp3_MAG_65	2	7	3	13	0	0	0	1	1	1	0	0	0	0	0	1	2	0	0	1	2	1	0	1	0	0	4	0	0	0	1	2	0	0	0	0	1	0	0	0	0	0	0	0	0	0	0	0	0	0	0	0	0	0	0	0	0	0	0	0	0	0	1	1	1	1	1	1	0	0	0	0	0	0	0	0	0	0	0	0	0	0	0	0	0	0	0	0	0	0	0
Exp3_MAG_36	3	9	2	13	0	0	0	1	0	2	0	0	1	2	0	0	0	0	0	1	1	1	0	1	0	0	3	1	0	0	0	0	0	0	0	0	0	0	0	0	0	0	0	1	0	0	0	0	0	0	0	0	0	0	0	0	0	0	0	0	0	0	1	1	1	3	2	1	0	0	0	0	0	0	0	0	0	0	0	1	0	0	0	0	0	0	0	0	0	0	0
Exp3_MAG_221	1	1	2	10	0	0	0	1	0	1	1	0	0	1	0	0	0	0	0	1	1	0	0	0	1	0	2	1	0	0	0	1	0	0	0	0	0	0	0	0	0	0	0	0	0	0	0	0	0	0	0	0	0	0	0	0	0	0	0	0	0	0	0	0	0	0	0	0	0	0	0	0	0	0	0	0	0	0	0	0	0	0	0	0	0	0	0	0	0	0	0
Exp3_MAG_26	3	13	1	15	0	0	0	0	1	1	1	0	0	1	0	0	0	0	1	1	2	1	1	1	0	0	1	1	0	0	0	1	0	0	0	0	0	0	0	0	0	0	0	0	0	0	0	0	0	0	0	0	0	0	0	0	0	0	0	0	0	0	1	1	1	1	4	2	0	0	0	0	0	0	0	0	0	0	0	0	0	0	0	0	0	0	0	0	0	0	0
Exp3_MAG_181	3	12	2	12	0	0	0	1	0	1	1	0	0	1	0	0	0	0	0	1	1	2	1	1	1	0	2	0	0	0	0	2	0	0	0	0	0	0	0	0	0	0	0	0	0	0	0	0	0	0	0	0	0	0	0	0	0	0	0	0	0	0	2	2	2	2	4	2	0	0	0	0	0	0	0	0	0	0	0	0	0	0	0	0	0	0	0	0	0	0	0
Exp3_MAG_133	5	1	0	2	0	0	0	0	0	0	0	0	0	0	0	0	0	0	0	1	0	0	1	3	1	1	2	0	0	0	0	0	0	0	0	0	0	0	0	0	0	0	0	0	0	0	0	0	0	1	0	0	0	0	0	0	0	1	0	0	0	0	0	0	0	0	0	1	0	0	0	0	0	0	0	0	0	0	0	0	0	0	0	0	0	0	0	0	0	0	0
Exp3_MAG_247	7	1	0	1	0	0	0	0	0	0	0	0	0	0	0	0	0	0	0	1	1	0	0	2	1	1	0	0	0	0	0	0	0	0	0	0	0	0	0	0	0	0	0	0	0	0	0	0	0	1	0	0	0	0	0	0	0	1	0	0	0	0	0	0	0	0	1	0	0	0	0	0	0	0	0	0	0	0	0	0	0	0	0	0	0	0	0	0	0	0	0
Exp3_MAG_250	3	6	2	1	0	0	0	0	1	0	0	0	0	2	0	0	0	0	0	0	0	0	1	1	0	0	5	1	0	0	3	0	0	0	0	0	0	0	0	0	1	0	0	0	0	0	0	0	0	2	0	0	0	0	0	0	0	0	0	0	0	0	0	0	0	2	1	1	0	0	0	0	0	0	0	0	0	0	0	0	0	0	0	0	0	0	0	0	0	0	0
Exp3_MAG_265	6	6	2	2	0	0	0	2	0	0	0	0	0	3	0	0	1	0	0	0	2	1	0	1	0	0	3	0	0	0	3	0	0	0	0	0	0	0	0	0	0	0	0	1	0	0	0	0	0	2	0	0	0	0	0	0	0	0	0	0	0	1	6	6	6	6	6	8	0	0	0	0	0	0	0	0	0	0	0	0	0	0	0	0	0	0	0	0	0	0	0
Exp3_MAG_87	3	4	2	2	0	0	1	0	1	0	0	0	0	1	0	0	0	0	0	0	1	1	0	1	0	0	1	2	0	0	1	0	0	0	0	0	0	0	0	0	0	0	0	2	0	0	0	0	0	1	0	0	0	0	0	0	0	0	0	0	0	1	3	3	3	4	3	4	0	0	0	0	0	0	0	0	0	0	0	0	0	0	0	0	0	0	0	0	0	0	0
Exp3_MAG_160	2	3	0	2	0	0	0	0	1	0	0	0	0	0	0	0	1	0	2	0	1	0	0	1	0	0	2	0	0	0	1	0	0	0	0	0	0	0	0	0	0	0	0	0	0	0	0	0	0	1	0	0	0	0	0	0	0	0	0	0	0	0	1	1	1	2	2	2	0	0	0	0	0	0	0	0	0	0	0	0	0	0	0	0	0	0	0	0	0	0	0
Exp3_MAG_106	4	3	0	1	0	0	0	0	1	0	0	0	0	2	0	0	0	0	0	0	0	0	0	1	0	0	1	1	0	0	1	0	0	0	0	0	0	0	0	0	0	0	0	0	0	0	0	0	0	1	0	0	0	4	0	0	0	0	0	0	0	0	1	1	1	4	3	4	0	0	0	0	0	0	0	0	0	0	0	0	0	0	0	0	0	0	0	0	0	0	0
Exp3_MAG_188	1	3	2	1	0	0	0	0	0	0	0	0	0	1	0	0	0	0	0	0	0	0	0	0	0	0	0	1	0	0	1	0	0	0	0	0	0	0	0	0	0	0	0	1	0	0	0	0	0	1	0	0	0	0	0	0	0	0	0	0	0	0	3	3	3	3	3	4	0	0	0	0	0	0	0	0	0	0	0	0	0	0	0	0	0	0	0	0	0	0	0
Exp3_MAG_235	3	2	2	1	0	0	0	0	0	0	0	0	0	1	0	0	0	0	0	0	0	0	0	1	0	0	1	0	0	0	2	0	0	0	0	0	0	0	0	0	0	0	0	1	0	0	0	0	0	0	0	0	0	0	0	0	0	0	0	0	0	0	2	2	2	4	2	3	0	0	0	0	0	0	0	0	0	0	0	0	0	0	0	0	0	0	0	0	0	0	0
Exp3_MAG_69	4	6	0	2	0	0	0	0	1	0	0	0	1	0	0	0	0	0	0	0	2	0	0	2	0	0	2	0	0	0	1	0	1	0	1	0	0	0	0	0	0	0	0	0	0	0	0	0	0	0	0	0	0	0	0	0	0	0	0	0	0	0	3	3	3	3	3	4	0	0	0	0	0	0	0	0	0	0	0	0	0	0	0	0	0	0	0	0	0	0	1
Exp3_MAG_291	7	3	2	2	0	0	1	0	1	1	0	0	0	1	0	0	0	0	0	1	0	0	0	1	0	0	0	1	0	0	1	0	0	0	0	0	0	0	0	0	0	0	0	2	0	0	0	0	0	1	0	0	0	0	0	0	0	0	0	0	0	1	3	3	3	3	8	4	0	0	0	0	0	0	0	0	0	0	0	0	0	0	0	0	0	0	0	0	0	0	0
Exp3_MAG_260	4	3	2	1	0	0	0	1	0	0	0	0	0	0	0	0	1	0	0	1	2	0	0	0	0	0	2	1	0	0	0	0	0	0	0	0	0	0	0	0	0	0	0	2	0	0	0	0	0	0	0	0	0	0	0	0	0	0	0	0	0	3	2	2	2	2	3	3	0	0	0	0	0	0	0	0	0	0	0	0	0	0	0	0	0	0	0	0	0	0	0
Exp3_MAG_258	6	2	0	2	0	0	0	0	1	0	0	0	0	1	0	0	0	0	0	1	2	0	0	1	0	0	0	0	0	0	1	0	1	0	0	0	0	0	0	0	0	0	0	1	0	0	1	0	0	2	0	0	0	0	0	0	0	0	0	0	0	0	1	1	1	1	1	1	0	0	0	0	0	0	0	0	0	0	0	0	0	0	0	0	0	0	0	0	0	0	0
Exp3_MAG_99	5	2	1	1	0	0	0	0	1	0	0	0	0	1	0	2	1	0	0	1	0	0	0	1	0	0	0	0	0	0	2	0	1	0	0	0	0	0	0	0	0	0	0	1	0	0	0	0	0	2	0	0	0	0	0	0	0	0	0	0	0	0	1	1	1	1	1	2	0	0	0	0	0	0	0	0	0	0	0	0	0	0	0	0	0	0	0	0	0	0	0
Exp3_MAG_92	4	1	1	1	0	0	1	0	1	0	0	0	0	1	1	0	0	0	0	1	0	0	0	1	0	0	0	0	0	0	1	0	1	0	0	0	0	0	0	0	0	0	0	1	0	0	0	0	0	1	0	0	0	0	0	0	0	0	0	0	0	0	1	1	1	2	1	2	0	0	0	0	0	0	0	0	0	0	0	0	0	0	0	0	0	0	0	0	0	0	0
Exp3_MAG_168	4	3	1	1	0	0	0	0	1	0	0	0	0	0	0	0	0	0	0	1	0	0	0	1	0	0	1	0	0	0	2	0	0	0	0	0	0	0	0	0	0	0	0	1	0	0	0	0	0	0	0	0	0	0	0	0	0	0	0	0	0	1	0	0	0	1	0	0	0	0	0	0	0	0	0	0	0	0	0	0	0	0	0	0	0	0	0	0	0	0	0
Exp3_MAG_238	5	3	1	1	0	0	0	0	1	0	0	1	0	1	0	2	2	0	0	1	0	0	0	1	0	0	1	0	0	0	1	0	0	0	0	0	0	0	0	0	0	0	0	1	0	0	1	0	0	1	0	0	0	0	0	0	0	0	0	0	0	0	2	1	1	2	2	2	0	0	0	0	0	0	0	0	0	0	0	0	0	0	0	0	0	0	0	0	0	0	0
Exp3_MAG_242	4	3	2	1	0	0	1	0	2	0	0	0	1	0	1	0	0	0	0	1	1	0	0	0	0	0	2	0	0	0	2	0	0	0	0	1	0	0	0	0	0	0	0	2	0	0	1	0	0	0	0	0	0	0	0	0	0	0	0	0	0	0	2	2	2	3	2	3	0	0	0	0	0	0	0	0	0	0	0	0	0	0	0	0	0	0	0	0	0	0	0
Exp3_MAG_153	3	1	1	1	0	0	0	0	1	1	0	0	0	0	0	0	0	0	0	1	1	0	0	0	0	0	0	1	0	0	1	0	0	0	0	0	0	0	0	0	0	0	0	1	0	0	0	0	0	0	0	0	0	0	0	0	0	0	0	0	0	0	2	2	2	2	3	2	0	0	0	0	0	0	0	0	0	0	0	0	0	0	0	0	0	0	1	0	0	0	0
Exp3_MAG_277	6	5	4	1	0	0	1	1	1	0	0	0	1	1	0	0	0	0	1	1	1	0	3	1	0	0	4	2	0	0	1	0	1	0	0	0	1	0	0	0	2	0	0	0	0	0	0	0	0	0	0	0	0	0	0	0	0	0	0	0	0	2	5	5	5	5	5	6	0	0	0	0	0	0	0	0	0	0	0	0	0	0	0	0	0	0	0	0	0	0	1
Exp3_MAG_285	2	4	0	1	0	0	0	0	1	0	0	0	0	1	1	0	0	0	0	0	1	0	0	1	0	0	2	0	0	0	0	0	1	0	0	0	0	0	0	0	0	0	0	0	0	0	0	0	0	0	0	0	0	0	0	0	0	0	0	0	0	0	2	2	2	2	4	3	0	0	0	0	0	0	0	0	0	0	0	0	0	0	0	0	0	0	0	0	0	0	0
Exp3_MAG_220	7	6	1	1	0	1	1	0	1	1	0	0	0	1	0	0	0	0	0	0	1	0	2	2	0	0	2	0	0	0	0	0	1	0	0	1	0	0	0	0	0	0	0	1	0	0	0	0	0	0	0	0	0	0	0	0	0	0	0	0	0	2	4	4	4	4	5	5	0	0	0	0	0	0	0	0	0	0	0	0	0	0	0	0	0	0	0	0	0	0	1
Exp3_MAG_183	5	6	5	1	0	0	1	0	0	2	0	0	1	0	0	0	0	0	0	0	2	0	2	1	0	0	2	0	0	0	1	0	1	0	0	0	0	0	0	0	0	0	0	2	0	0	0	0	0	1	0	0	0	0	0	0	0	0	0	0	0	1	6	6	6	6	8	7	0	0	0	0	0	0	0	0	0	0	0	0	0	0	0	0	0	0	0	0	0	0	1
Exp3_MAG_45	3	11	1	4	0	0	1	0	0	0	0	0	0	0	0	0	1	0	0	0	1	0	0	3	0	0	0	0	0	0	0	0	0	0	0	1	1	0	0	0	0	0	0	0	0	0	0	0	0	0	0	2	0	0	0	0	0	0	0	0	0	0	2	2	2	2	3	2	0	0	0	0	0	0	0	0	0	0	0	0	0	0	0	0	0	0	0	0	0	0	0
Exp3_MAG_145	1	3	1	1	0	0	0	0	0	1	0	0	0	1	0	0	1	0	0	1	2	0	1	2	0	0	2	1	0	0	1	0	0	0	0	0	2	0	0	0	0	0	0	1	0	0	0	0	0	1	0	0	0	0	0	0	0	0	0	0	0	0	2	2	2	2	3	3	0	0	0	0	0	0	0	0	0	0	0	0	0	0	0	0	0	0	0	0	0	0	1
Exp3_MAG_179	2	3	0	0	0	1	1	0	0	0	0	0	0	1	0	1	0	0	2	1	3	0	1	1	0	0	3	0	0	0	0	0	0	0	0	0	3	0	0	0	0	0	0	2	0	0	0	0	0	1	0	0	0	0	0	0	0	0	0	0	0	1	2	2	2	2	2	3	0	0	0	0	0	0	0	0	0	0	0	0	0	0	0	0	0	0	0	0	0	0	1
Exp3_MAG_11	2	5	1	0	0	0	1	0	2	0	0	0	0	1	0	0	0	0	0	1	1	0	0	1	0	0	0	1	0	0	2	0	0	0	0	0	1	0	0	0	0	0	0	1	0	0	0	0	0	1	0	0	0	0	0	0	0	0	0	0	0	0	2	2	2	2	2	3	0	0	0	0	0	0	0	0	0	0	0	0	0	0	0	0	0	0	0	0	0	0	0
Exp3_MAG_276	1	3	0	0	0	0	0	0	1	0	0	0	1	1	0	1	1	0	0	1	1	0	1	1	1	0	1	1	0	0	0	0	1	0	0	0	1	0	0	0	0	0	0	1	0	0	0	0	0	1	0	0	0	0	0	0	0	0	0	0	0	2	4	4	4	4	6	5	0	0	0	0	0	0	0	0	0	0	0	0	0	0	0	0	0	0	0	0	0	0	0
Exp3_MAG_109	2	4	0	1	0	0	1	0	1	1	1	0	0	1	0	0	2	0	0	0	1	0	1	1	0	0	1	0	0	0	1	0	1	0	0	0	2	0	0	0	0	0	0	1	0	0	0	0	0	1	0	0	0	0	0	0	0	0	0	0	0	1	2	2	2	3	4	3	0	0	0	0	0	0	0	0	0	0	0	0	0	0	0	0	0	0	0	0	0	0	1
Exp3_MAG_84	2	4	0	0	0	0	0	0	0	1	0	0	0	0	0	1	0	0	0	1	1	0	0	1	0	0	0	1	0	0	0	0	1	0	0	0	0	0	0	0	0	0	0	1	0	0	0	0	0	1	0	0	0	0	0	0	0	0	0	0	0	1	0	0	0	0	1	1	0	0	0	0	0	0	0	0	0	0	0	0	0	0	0	0	0	0	0	0	0	0	0
Exp3_MAG_214	3	0	0	0	0	0	0	0	0	0	0	0	0	1	0	1	0	0	0	1	1	0	0	2	1	0	1	0	0	0	0	0	0	0	0	0	0	0	0	0	0	0	0	2	0	0	0	0	0	1	0	0	0	0	0	0	0	0	0	0	0	1	1	1	1	1	2	2	0	0	0	0	0	0	0	0	0	0	0	0	0	0	0	0	0	0	0	0	0	0	0
Exp3_MAG_222	2	2	2	2	0	0	0	0	0	1	0	0	0	1	0	2	1	0	1	1	1	0	0	2	0	0	2	0	0	0	1	0	0	0	0	0	0	0	0	0	0	0	0	3	0	0	0	0	0	0	0	0	0	0	0	0	0	0	0	0	0	1	1	1	1	1	4	2	0	0	0	0	0	0	0	0	0	0	0	0	0	0	0	0	0	0	0	0	0	0	0
Exp3_MAG_172	0	1	1	1	0	0	0	0	0	0	0	0	0	2	0	0	0	0	0	0	0	0	1	0	0	0	0	0	0	0	0	0	1	0	0	0	0	0	0	0	0	0	0	3	0	0	0	0	0	0	0	0	0	0	0	0	0	0	0	0	0	0	1	1	1	1	1	1	0	0	0	0	0	0	0	0	0	0	0	0	0	0	0	0	0	0	0	0	0	0	0
Exp3_MAG_203	0	3	0	0	0	0	0	0	0	0	0	0	0	1	0	0	1	0	0	0	0	0	0	0	0	0	1	0	0	0	0	0	0	0	0	0	0	0	0	0	0	0	0	1	0	0	0	0	0	0	0	0	0	0	0	0	0	0	0	0	0	1	1	1	1	1	2	1	0	0	0	0	0	0	0	0	0	0	0	0	0	0	0	0	0	0	0	0	0	0	0
Exp3_MAG_101	3	7	1	1	0	0	1	0	0	1	0	0	2	2	0	0	0	0	0	1	2	0	0	2	0	0	3	0	0	0	1	0	1	0	0	0	0	0	0	0	0	0	0	2	0	0	0	0	0	0	0	0	0	0	0	0	0	0	0	0	0	2	2	2	2	2	3	3	0	0	0	0	0	0	0	0	0	0	0	0	0	0	0	0	0	0	0	0	0	0	1
Exp3_MAG_135	2	12	4	2	0	0	1	0	1	0	0	0	1	3	0	1	2	0	1	1	2	0	0	2	0	0	6	0	0	0	0	0	0	0	0	0	0	0	0	0	0	0	0	3	0	0	0	0	0	1	1	0	0	1	0	0	0	0	0	0	0	2	0	0	0	0	1	1	0	0	0	0	0	0	0	0	0	0	0	0	0	0	0	0	0	0	0	0	0	0	1
Exp3_MAG_229	3	6	2	1	0	0	0	0	1	1	0	0	2	1	0	1	0	0	0	1	3	0	0	0	0	0	1	0	0	0	0	0	1	0	0	0	0	0	0	0	0	0	0	4	0	0	0	0	0	1	1	0	0	0	0	0	0	0	0	0	0	3	1	1	1	1	1	2	0	0	0	0	0	0	0	0	0	0	0	0	0	0	0	0	0	0	0	0	0	0	1
Exp3_MAG_37	2	4	0	1	0	0	0	0	1	0	0	0	0	2	0	0	1	0	0	1	0	2	0	1	0	0	1	0	0	1	0	0	0	0	0	0	0	0	0	0	0	0	0	0	0	0	0	0	0	1	0	0	0	0	0	0	0	0	0	0	0	0	1	1	1	1	2	1	0	0	0	0	0	0	0	0	0	0	0	0	0	0	0	0	0	0	0	0	0	0	0
Exp3_MAG_35	2	0	0	0	0	0	1	0	1	0	0	0	0	1	0	0	1	0	1	1	1	0	0	1	0	0	2	0	0	0	0	0	0	0	0	0	1	0	0	0	0	0	0	0	0	0	0	0	0	0	0	0	0	0	0	0	0	0	0	0	0	0	0	0	0	0	0	0	0	0	0	0	0	0	0	0	0	0	0	0	0	0	0	0	0	0	0	0	0	0	0
Exp3_MAG_81	3	2	0	1	0	0	1	0	1	1	0	0	0	2	0	1	1	0	5	1	0	0	0	1	0	0	2	0	0	0	1	0	0	0	0	0	0	0	0	0	0	0	0	0	0	0	0	0	0	1	0	0	0	0	0	0	0	0	0	0	0	1	2	2	2	2	2	3	0	0	0	0	0	0	0	0	0	0	0	0	0	0	0	0	0	0	0	0	0	0	0
Exp3_MAG_95	1	1	0	1	0	0	0	0	0	0	0	0	0	0	0	0	0	0	0	0	0	0	0	0	0	0	0	0	0	0	0	0	0	0	0	0	0	0	0	0	0	0	0	0	0	0	0	0	0	0	0	0	0	0	0	0	0	0	0	0	0	0	0	0	0	0	0	0	0	0	0	0	0	0	0	0	0	0	0	0	0	0	0	0	0	0	0	0	0	0	0
Exp3_MAG_282	3	6	0	0	0	0	0	0	0	2	0	0	0	0	0	0	0	0	1	0	2	0	0	0	0	0	0	0	0	0	1	0	0	0	0	0	1	0	0	0	0	0	0	0	0	0	0	0	0	2	0	0	0	0	0	0	0	0	0	0	0	0	3	3	3	4	3	3	0	0	0	0	0	0	0	0	0	0	0	0	0	0	0	0	0	0	0	0	0	0	1
AP042450	0	3	0	3	0	1	0	1	0	0	0	0	0	0	0	0	1	0	2	1	0	0	0	1	0	0	0	0	0	0	0	0	0	0	0	0	0	0	0	0	0	0	0	0	0	0	0	0	0	0	0	0	0	0	0	0	0	0	0	0	0	0	0	0	0	0	0	0	0	0	0	0	0	0	0	0	0	0	0	0	0	0	0	0	0	0	0	0	0	0	0
Exp3_MAG_3	0	3	1	0	0	5	7	3	1	2	3	0	0	1	3	0	0	0	3	2	3	4	4	0	0	4	18	1	0	0	0	0	0	0	0	0	0	0	0	0	1	0	5	1	0	0	0	0	0	0	0	0	0	0	0	0	0	0	0	0	0	0	3	1	1	5	2	4	0	0	0	0	0	0	0	0	0	0	0	0	0	1	1	0	0	0	3	1	0	0	0
Exp3_MAG_1	0	4	1	0	0	5	3	3	0	1	2	0	0	1	0	0	0	0	4	0	3	2	2	0	0	2	9	0	0	0	0	0	0	0	0	0	0	0	0	0	1	0	2	1	0	0	0	0	0	0	0	0	0	0	0	0	0	4	0	0	0	0	2	2	2	5	2	5	0	0	0	0	0	0	0	0	0	0	0	0	0	0	0	0	0	0	0	0	0	0	0
Exp3_MAG_4	0	5	1	2	0	0	0	0	0	1	0	0	0	0	0	0	0	0	0	0	1	1	1	1	0	0	1	0	0	1	0	0	0	0	0	0	0	0	0	0	0	0	1	1	0	0	0	0	0	0	0	0	0	0	0	0	0	0	0	0	0	0	3	0	0	9	3	0	0	3	3	0	0	0	0	0	0	0	0	0	0	0	0	0	0	0	0	0	0	0	0
Exp3_MAG_198	5	6	1	0	0	0	0	0	0	1	0	0	0	0	0	0	0	0	0	0	0	2	1	2	0	0	0	0	0	0	0	0	0	0	0	0	0	0	0	0	0	0	0	0	0	0	0	0	0	0	0	0	0	0	0	0	0	0	0	0	0	0	1	1	1	1	1	2	0	0	0	0	0	0	0	0	0	0	0	0	0	0	0	0	0	0	0	0	0	0	0
Exp3_MAG_33	2	12	2	3	0	1	0	1	0	0	0	0	0	0	0	0	0	0	2	1	0	2	1	2	0	0	1	0	0	0	0	3	0	0	0	0	0	0	0	0	0	0	0	0	0	0	0	0	0	0	0	0	0	0	0	0	0	0	0	0	0	0	1	1	1	1	1	2	0	0	0	0	0	0	0	0	0	0	0	0	0	0	0	0	0	0	0	0	0	0	0
Exp3_MAG_202	2	14	2	3	0	1	0	2	0	0	1	1	0	0	0	0	1	1	4	1	0	3	1	4	0	0	1	0	0	0	0	0	0	0	0	0	1	0	0	0	0	0	0	0	0	0	0	0	0	0	0	0	0	1	0	0	0	0	0	0	0	0	1	1	1	1	2	2	0	0	0	0	0	0	0	0	0	0	0	0	0	0	0	0	0	0	0	0	0	0	0
Exp3_MAG_118	3	5	2	0	0	0	0	2	0	0	0	0	0	0	0	0	2	0	0	1	0	1	0	0	0	0	0	2	0	0	0	0	0	0	0	0	0	0	0	0	0	0	0	0	0	0	0	0	0	1	0	0	0	0	0	0	0	0	0	0	0	0	2	2	2	3	2	3	0	0	0	0	0	0	0	0	0	0	0	0	0	0	0	0	0	0	0	0	0	0	2
Exp3_MAG_61	2	5	3	3	0	0	0	4	0	0	0	0	0	0	0	0	0	0	0	0	0	1	1	1	0	0	0	1	0	0	0	0	0	0	0	0	0	0	0	0	0	0	0	0	0	0	0	0	0	0	0	0	0	0	0	0	0	0	0	0	0	0	0	0	0	0	0	1	0	0	0	0	0	0	0	0	0	0	0	0	0	0	0	0	0	0	0	0	0	0	0
Exp3_MAG_211	0	5	2	1	0	0	1	1	0	0	0	0	0	1	0	0	0	0	0	0	3	0	1	1	1	0	0	0	0	0	0	0	0	0	0	0	0	0	0	0	0	0	0	2	0	0	0	0	0	0	0	0	0	0	0	0	0	0	0	0	0	0	1	1	1	3	1	2	0	0	0	0	0	0	0	0	0	0	0	0	0	0	0	0	0	0	0	0	0	0	0
Exp3_MAG_38	1	10	3	1	0	0	1	0	0	1	0	0	0	1	0	1	0	0	1	1	3	0	2	1	1	0	1	2	0	0	2	0	1	0	0	0	1	0	0	0	0	0	0	0	1	0	0	0	0	1	0	0	0	2	0	0	0	0	0	0	0	0	5	5	5	9	7	5	0	0	0	0	0	0	0	0	0	0	0	0	0	0	0	0	0	0	0	0	0	0	0
Exp3_MAG_7	2	2	0	1	0	0	1	0	0	2	2	2	0	0	2	1	1	0	2	0	0	0	0	0	0	0	0	0	0	0	0	0	0	0	0	1	1	0	0	0	0	0	1	0	0	0	0	0	0	0	0	0	0	0	0	0	0	0	0	0	0	0	2	2	2	7	2	2	0	0	0	0	0	0	0	0	0	0	0	0	0	0	0	0	0	0	0	0	0	0	1
Exp3_MAG_86	1	14	2	4	1	1	1	6	0	2	0	1	0	1	0	3	4	0	5	1	7	0	1	2	0	0	2	2	0	0	4	0	1	0	0	0	0	0	0	0	0	0	0	3	1	0	0	0	1	1	0	0	0	4	0	0	0	0	0	0	0	1	13	13	13	16	17	15	0	0	0	0	0	0	0	0	0	0	0	1	0	0	0	0	0	0	0	0	0	0	3
Exp3_MAG_49	6	24	6	10	0	3	0	2	1	1	2	0	0	1	0	0	5	0	2	1	8	3	2	1	0	1	4	1	0	0	2	0	0	0	0	2	5	0	0	0	0	0	1	1	0	0	0	0	0	0	0	0	0	1	0	0	0	0	0	0	0	0	3	4	3	5	4	5	0	0	1	0	2	0	0	1	0	0	1	1	0	0	0	0	0	0	1	0	0	0	2
Exp3_MAG_227	9	10	3	2	1	4	1	0	0	1	1	0	0	1	0	0	0	0	0	0	0	1	1	2	0	1	2	0	0	1	1	0	0	0	0	0	3	0	0	0	1	0	0	0	0	0	1	0	0	0	0	0	0	2	0	0	0	1	0	0	0	0	1	1	1	4	1	2	0	3	3	0	0	0	0	0	0	0	0	0	0	0	0	0	0	0	0	0	0	0	0
Exp3_MAG_115	7	11	1	1	1	3	0	0	0	2	1	0	2	0	0	1	1	0	0	0	0	1	0	1	0	0	1	0	0	0	3	0	0	0	0	0	2	0	0	0	0	0	0	1	0	0	0	0	0	0	0	0	0	1	0	0	0	1	0	0	0	0	1	1	1	2	1	3	0	1	1	0	4	0	0	0	0	0	0	0	0	0	0	0	0	0	0	0	1	0	0
Exp3_MAG_117	8	12	4	2	0	6	1	1	0	1	1	0	0	0	0	0	0	0	0	0	1	1	0	4	0	0	1	0	0	0	1	0	0	0	1	0	2	0	0	0	0	0	0	1	0	0	0	0	0	0	0	0	0	2	0	0	0	2	0	0	0	0	0	0	0	0	1	2	0	0	0	0	3	0	0	0	0	0	0	0	0	0	0	0	0	0	0	0	2	0	1
Exp3_MAG_246	8	8	2	2	0	3	0	1	0	2	0	0	1	0	0	0	0	0	0	0	0	1	2	1	0	0	2	0	0	0	1	0	0	0	0	0	1	0	0	0	2	0	0	0	2	0	0	0	0	0	0	0	0	1	0	0	0	1	0	0	0	0	0	0	0	0	1	2	0	0	0	0	0	0	0	0	0	0	0	0	0	0	0	0	0	0	0	0	1	0	0
Exp3_MAG_19	2	6	2	0	0	0	0	0	0	0	0	0	0	0	0	0	0	0	0	0	0	0	0	2	0	0	1	0	0	0	0	0	0	0	0	0	0	0	0	0	0	0	0	0	0	0	0	0	0	0	0	0	0	0	0	0	0	0	0	0	0	0	0	0	0	0	0	0	0	0	0	0	0	0	0	0	0	0	0	0	0	0	0	0	0	0	0	0	0	0	0
Exp3_MAG_186	7	9	3	2	0	0	0	3	0	1	1	0	0	0	0	1	1	0	0	0	0	4	1	3	0	0	2	0	0	0	0	3	0	0	0	0	0	0	0	0	0	0	0	0	0	0	0	0	0	0	0	0	0	0	0	1	1	1	1	1	1	2	1	1	1	1	7	2	0	0	0	0	0	0	0	0	0	0	0	0	0	0	0	0	0	0	0	0	0	0	0
Exp3_MAG_16	2	2	0	5	0	0	0	0	0	1	0	0	0	0	0	0	0	0	0	1	0	0	0	2	3	0	0	0	0	0	0	1	0	0	1	0	0	0	0	0	0	0	0	2	0	0	0	0	0	1	0	0	0	0	0	0	0	0	0	0	0	0	0	0	0	0	0	1	0	0	0	0	0	0	0	0	0	0	0	0	0	0	0	0	0	0	0	0	0	0	0
GCF_000012925	6	30	2	9	0	0	0	2	0	3	1	0	0	0	0	3	4	8	0	2	9	2	0	3	3	0	1	0	0	0	0	0	0	0	0	0	1	0	0	0	0	0	0	0	0	0	0	0	0	1	0	0	0	0	0	0	0	0	0	0	0	0	0	0	0	0	4	1	0	0	0	0	0	0	0	0	0	0	0	0	0	0	0	0	0	0	0	0	0	0	0
GCF_000013405	5	16	0	4	0	0	3	0	0	1	0	0	0	0	0	0	2	12	4	0	0	0	0	1	1	0	0	0	0	0	0	0	0	0	0	1	0	0	0	0	0	0	0	0	0	0	0	0	0	0	0	0	0	0	0	0	0	0	0	0	0	0	0	0	0	0	0	1	0	0	0	0	0	0	0	0	0	0	0	0	0	0	0	0	0	0	0	0	0	0	0
Exp3_MAG_149	4	22	0	5	0	0	1	0	0	1	0	0	7	0	0	1	1	1	2	1	0	0	0	2	0	0	0	0	0	0	1	0	0	0	0	0	0	0	0	0	0	0	0	0	0	0	0	0	0	1	0	0	0	0	0	0	0	1	0	0	0	1	1	1	1	1	1	2	0	0	0	0	0	0	0	0	0	0	0	0	0	0	0	0	0	0	0	0	0	0	1
GCF_002009335	3	43	1	8	0	0	4	0	1	0	0	0	0	0	0	0	3	7	3	1	1	2	0	3	1	0	1	0	0	0	0	0	0	0	0	0	1	0	0	0	0	0	0	0	0	0	0	0	0	0	0	0	0	0	0	0	0	1	0	0	0	0	1	1	1	1	1	2	0	0	0	0	0	0	0	0	0	0	0	1	0	0	0	0	0	0	0	0	0	0	0
Exp3_MAG_41	5	4	0	3	0	0	1	0	0	0	0	0	0	0	0	0	0	0	0	1	1	0	0	3	1	0	3	0	0	0	0	0	0	0	0	1	0	0	0	0	0	0	0	0	0	0	0	0	0	1	0	0	0	0	0	0	0	0	0	0	0	0	1	1	1	2	1	2	0	0	0	0	0	0	0	0	0	0	0	0	0	0	0	0	0	0	0	0	0	0	0
GCF_000743525	1	3	0	3	0	0	0	0	0	0	0	0	0	0	0	0	0	0	0	1	0	0	0	2	0	0	0	0	0	0	0	1	0	0	0	0	0	0	0	0	0	0	0	0	0	0	0	0	0	0	0	0	0	0	0	0	0	0	0	0	0	0	0	0	0	0	0	0	0	0	0	0	0	0	0	0	0	0	0	0	0	0	0	0	0	0	1	0	0	0	0
GCF_000747095	3	0	0	1	0	0	0	0	1	0	0	0	0	0	0	0	0	0	2	1	0	0	0	1	0	0	0	0	0	0	0	0	0	0	0	0	1	0	0	0	0	0	0	0	0	0	0	0	0	0	0	0	0	0	0	0	0	0	0	0	0	0	0	0	0	0	0	1	0	0	0	0	0	0	0	0	0	0	0	0	0	0	0	0	0	0	0	0	0	0	0
Exp3_MAG_272	5	27	3	9	1	0	2	5	0	7	2	2	1	0	1	4	9	0	22	1	29	2	11	2	0	8	12	0	0	0	4	0	2	1	1	2	0	0	0	0	0	0	1	4	1	0	2	0	0	2	0	0	0	8	0	1	1	2	1	1	1	2	7	7	7	8	7	9	0	0	0	0	0	0	0	0	0	0	0	1	0	0	0	0	0	0	5	0	1	0	0
Exp3_MAG_263	5	16	1	9	2	0	3	3	0	4	3	1	1	0	1	1	4	0	16	2	10	3	10	2	0	0	21	2	0	1	3	0	1	1	1	1	0	0	0	0	0	0	0	3	0	0	3	0	0	3	0	0	0	7	0	0	0	1	0	0	0	3	6	6	6	7	6	8	0	0	0	0	0	0	0	0	0	0	0	1	0	0	0	0	0	0	1	0	1	0	1
Exp3_MAG_23	0	9	1	4	0	1	0	5	0	2	3	0	0	1	0	0	0	0	1	0	1	1	3	1	0	0	3	1	0	0	0	1	1	0	0	3	0	1	0	0	1	0	1	4	0	0	0	0	0	1	0	1	0	1	0	1	1	2	1	1	1	3	1	2	1	1	1	2	0	0	0	0	0	0	0	0	0	0	0	0	0	0	0	0	0	0	4	0	0	0	0
Exp3_MAG_237	2	19	3	4	0	1	4	3	0	3	1	9	0	0	0	1	2	0	5	0	15	3	6	2	0	1	5	1	0	0	0	0	0	0	1	0	1	0	0	0	0	0	1	2	0	0	0	0	0	0	0	0	0	1	0	1	1	4	1	1	1	3	7	8	7	13	7	8	0	0	0	0	0	0	0	1	0	0	0	1	0	0	0	0	0	0	5	0	0	0	0
Exp3_MAG_107	1	13	3	2	0	1	1	3	0	4	1	4	0	0	0	1	1	0	2	0	7	1	0	1	0	1	3	0	0	0	1	0	0	0	0	0	0	0	0	0	0	0	1	0	0	0	0	0	0	0	0	0	0	1	0	0	0	1	0	0	0	1	3	3	3	6	4	3	0	0	0	0	0	0	0	0	0	0	0	0	0	0	0	0	0	0	1	0	0	0	0
Exp3_MAG_96	2	9	1	5	0	6	4	3	0	7	2	9	1	1	0	1	7	0	1	1	4	2	7	1	0	1	3	1	1	0	0	0	1	0	1	2	2	0	0	0	0	0	0	0	1	0	0	0	0	1	0	0	0	0	0	1	1	4	1	1	1	1	4	4	4	16	4	4	0	0	0	0	0	0	0	0	0	0	0	0	0	0	0	0	0	0	7	0	0	0	0
Exp3_MAG_257	1	11	1	3	0	1	0	4	0	4	1	9	0	1	0	0	3	0	1	0	3	1	5	1	0	0	3	1	0	1	1	0	0	0	0	0	0	0	0	0	0	0	0	0	0	0	1	0	0	1	0	0	0	1	0	1	1	4	1	1	1	2	5	5	5	17	5	5	0	0	0	0	0	0	0	0	0	0	0	0	0	0	0	0	0	0	1	0	1	0	0
Exp3_MAG_233	1	7	4	1	0	4	2	8	0	5	2	6	0	0	0	0	4	0	2	1	3	1	4	1	1	0	1	1	0	0	0	0	0	0	0	0	0	0	0	0	0	0	0	1	0	0	1	0	0	1	0	0	0	1	0	1	1	2	1	1	1	2	2	2	2	8	2	3	0	0	0	0	0	0	0	0	0	0	0	1	0	0	0	0	0	0	4	0	0	0	0
Exp3_MAG_142	2	17	4	4	2	11	0	2	1	1	3	4	1	0	0	1	0	0	3	0	4	1	2	3	0	1	2	0	0	0	2	0	0	0	1	1	0	0	0	0	0	0	1	0	0	0	0	1	0	0	0	0	0	0	0	1	1	3	1	1	1	2	2	2	2	2	2	2	0	0	0	0	0	0	0	0	0	0	0	0	0	0	0	0	0	0	0	0	0	0	0
GCF_040170545	3	29	5	4	2	6	1	10	6	10	0	10	2	3	2	2	3	0	4	1	10	1	5	3	1	0	6	0	0	0	1	1	0	0	1	5	2	0	0	0	0	0	1	2	1	0	2	0	0	1	0	0	0	0	0	0	0	5	0	0	0	2	3	3	3	4	3	3	0	0	0	0	0	0	0	0	0	0	0	0	0	0	0	0	0	0	0	0	1	0	0
Exp3_MAG_102	1	12	3	4	0	0	0	2	0	1	1	0	1	0	0	0	0	0	1	0	4	1	3	2	0	0	2	0	0	0	0	0	0	0	1	0	0	0	0	0	0	0	0	0	1	0	0	0	0	0	0	0	0	0	0	1	1	2	1	1	1	1	4	5	4	4	4	4	0	0	0	0	0	0	0	0	0	0	0	1	0	0	0	0	0	0	3	0	0	0	0
Exp3_MAG_161	2	16	3	7	1	1	0	2	0	3	1	0	0	0	0	0	0	0	2	0	24	2	8	3	2	1	7	1	0	4	2	0	0	0	0	1	0	0	0	0	0	0	0	1	0	0	0	0	0	0	0	0	0	0	0	0	0	0	0	0	0	2	4	5	4	5	5	5	0	0	0	0	0	0	0	0	0	0	0	1	0	0	0	0	0	0	3	0	0	0	0
Exp3_MAG_94	2	17	4	4	1	3	1	2	0	3	4	0	0	0	0	0	0	0	1	0	19	2	6	3	1	1	5	0	0	0	1	0	0	0	0	2	0	0	0	0	0	0	0	0	0	0	0	0	0	0	0	0	0	1	0	0	0	0	0	0	0	1	5	6	5	5	6	5	0	0	0	0	0	0	0	0	0	0	0	1	0	0	0	0	0	0	3	0	0	0	0
Exp3_MAG_68	1	19	6	3	0	4	2	2	0	9	4	2	0	0	0	2	6	0	3	0	15	2	3	2	0	2	8	0	0	0	4	0	0	0	1	0	5	0	0	0	0	0	0	0	2	0	0	2	0	0	0	0	0	0	0	0	0	1	0	0	0	1	2	2	2	5	3	2	0	0	1	0	0	0	0	0	0	0	0	0	0	0	0	1	0	0	3	0	0	0	0
Exp3_MAG_121	1	23	11	4	0	6	1	8	3	8	1	8	0	3	3	0	0	0	2	0	16	2	8	3	1	2	15	1	0	0	0	5	1	0	0	0	1	0	0	0	0	0	0	3	0	0	0	0	0	1	0	1	0	3	0	1	1	3	1	1	1	1	4	5	4	11	4	4	0	0	0	0	0	0	0	0	0	0	0	1	0	0	0	0	0	0	6	0	1	0	0
Exp3_MAG_13	2	18	9	2	0	5	1	8	1	11	3	7	2	4	2	2	6	1	2	0	10	3	9	3	0	0	8	2	0	0	1	1	2	0	1	1	0	0	0	0	0	0	0	1	0	0	1	0	0	0	0	0	0	1	0	1	1	5	1	1	1	2	3	4	3	17	3	4	0	0	0	0	0	0	0	0	0	0	0	0	0	0	0	0	0	0	3	0	1	0	0
Exp3_MAG_62	2	6	2	0	1	5	1	1	2	3	1	3	2	0	0	0	0	0	2	0	0	3	0	0	0	0	0	0	0	0	1	0	0	0	0	0	0	0	0	0	0	0	1	0	0	0	0	0	0	0	0	0	0	0	0	0	0	1	0	0	0	0	1	1	1	1	1	1	0	0	0	0	0	0	0	0	0	0	0	0	0	0	0	0	0	0	3	0	1	0	0
Exp3_MAG_210	1	12	2	3	0	0	0	3	4	2	1	1	2	1	0	0	1	0	2	0	6	1	1	3	1	0	4	0	0	0	0	1	0	0	0	0	0	0	0	0	0	0	1	0	0	0	0	0	0	0	0	0	0	0	0	1	1	2	1	1	1	1	4	4	4	5	5	4	0	0	0	0	0	0	0	0	0	0	0	1	0	0	0	0	0	0	1	0	0	0	0
Exp3_MAG_284	2	4	5	2	0	0	0	15	2	4	1	0	0	0	0	0	0	0	4	2	3	3	2	3	0	0	4	3	0	0	3	0	0	0	0	0	1	1	0	0	0	0	0	1	1	0	0	0	0	0	0	0	0	0	0	1	1	3	1	1	1	2	7	7	7	8	7	8	0	0	0	0	0	0	0	0	0	0	0	0	0	0	0	0	0	0	0	0	2	0	0
Exp3_MAG_17	3	10	3	4	0	1	1	2	0	1	1	0	0	0	0	0	0	0	2	1	4	1	0	3	0	0	1	0	0	0	0	0	0	0	0	0	1	0	0	0	0	0	0	0	0	0	0	0	0	0	0	0	0	1	0	0	0	0	0	0	0	1	4	4	4	8	4	7	0	0	0	0	0	0	0	0	0	0	0	1	0	0	0	0	0	0	0	0	0	0	0
Exp3_MAG_177	3	11	3	3	0	1	1	2	0	2	1	2	0	1	0	1	1	0	3	1	5	0	3	2	0	0	4	0	0	1	0	0	0	0	0	0	0	1	0	0	0	0	0	1	1	0	0	0	0	0	0	0	0	1	0	0	0	0	0	0	0	1	5	5	5	11	5	7	0	0	0	0	0	0	0	0	0	0	0	1	0	0	0	0	0	0	0	0	0	0	0
Exp3_MAG_173	3	19	4	7	0	3	2	2	0	0	1	0	0	0	0	2	1	0	3	0	13	1	4	1	0	4	10	0	0	0	0	0	0	0	0	1	0	0	0	0	0	0	0	0	0	0	1	0	0	0	0	0	0	3	1	0	0	1	0	0	0	2	13	13	13	23	13	13	0	1	1	0	0	0	0	0	0	0	0	0	0	0	0	0	0	0	2	0	1	0	5
Exp3_MAG_53	1	7	0	3	0	0	0	0	0	1	2	0	0	2	0	0	0	0	1	1	2	2	0	1	0	0	2	0	0	0	1	0	0	0	1	1	0	1	0	0	0	0	1	0	0	0	0	0	0	0	0	0	0	0	0	0	0	3	0	0	0	2	3	3	3	7	3	5	0	0	0	0	0	0	0	0	0	0	0	0	0	0	0	0	0	0	0	0	0	0	1
Exp3_MAG_28	1	3	1	1	0	0	0	1	0	1	1	1	0	0	0	0	0	0	1	1	1	2	1	0	0	0	2	0	1	0	0	0	0	0	0	0	0	1	0	0	0	0	0	0	1	0	0	0	0	0	0	0	0	0	0	0	0	3	0	0	0	0	2	2	2	3	2	2	0	0	0	0	0	0	0	0	0	0	0	0	0	0	0	0	0	0	0	0	0	0	0
Exp3_MAG_137	0	7	2	4	0	0	0	1	0	2	1	0	0	2	0	0	0	0	2	0	2	2	0	3	0	0	3	0	0	0	1	0	0	0	0	0	0	1	0	0	0	0	1	0	0	0	0	0	0	0	0	0	0	0	0	0	0	4	0	0	0	3	2	2	2	5	2	5	0	0	0	0	0	0	0	0	0	0	0	0	0	0	0	0	0	0	0	0	0	0	0
Exp3_MAG_224	2	8	2	2	0	3	0	4	0	3	1	4	1	2	0	1	1	0	1	1	8	3	2	3	0	0	4	0	0	0	1	0	0	0	0	0	0	1	0	0	0	0	1	0	0	0	1	0	0	0	0	0	0	1	0	0	0	3	0	0	0	1	2	2	2	7	2	4	0	0	0	0	0	0	0	0	0	0	0	0	0	0	0	0	0	0	0	0	0	0	0
Exp3_MAG_29	4	3	1	0	0	3	1	3	0	2	1	4	1	0	0	0	0	0	1	0	2	1	0	0	0	0	1	0	0	1	1	0	0	0	1	0	0	0	0	0	0	0	0	4	0	0	2	0	0	0	1	0	0	0	0	0	0	1	0	0	0	0	4	4	4	11	4	4	0	0	0	0	0	0	0	0	0	0	0	0	0	0	0	0	0	0	1	0	1	0	0
Exp3_MAG_164	1	13	8	4	0	2	1	7	0	2	2	7	1	3	0	0	0	0	3	1	9	4	4	2	0	0	4	1	0	0	0	0	0	0	1	1	1	1	0	0	0	0	0	1	0	0	1	0	0	1	0	0	0	0	0	0	0	0	0	0	0	2	5	5	5	9	5	5	0	0	0	0	0	0	0	0	0	0	0	0	0	0	0	0	0	0	1	0	0	0	0
Exp3_MAG_281	5	24	14	6	0	5	2	11	0	3	2	0	4	2	1	2	3	0	5	1	18	4	6	2	1	0	4	1	0	0	1	0	0	1	0	0	3	0	0	0	0	0	0	2	0	0	0	0	0	0	0	0	0	2	0	0	0	3	0	0	0	2	9	9	9	17	9	10	0	0	0	0	0	0	0	0	0	0	0	0	0	0	0	0	0	0	1	0	1	0	0
Exp3_MAG_286	2	15	5	3	0	0	1	1	0	2	2	0	2	1	0	0	0	0	1	1	11	2	4	3	1	0	8	0	1	0	2	0	0	0	1	0	0	1	0	0	0	0	1	2	1	0	0	0	0	0	0	0	0	2	0	1	1	2	1	1	1	1	7	7	7	11	7	7	0	0	0	0	0	0	0	0	0	0	0	1	0	0	0	0	0	0	1	0	0	0	0
Exp3_MAG_123	3	25	5	5	0	1	2	5	0	5	2	0	0	1	0	1	5	0	2	1	36	2	5	1	1	15	15	1	0	1	1	0	0	0	1	0	0	2	0	0	0	0	0	1	2	0	3	0	0	1	0	0	0	6	0	0	0	1	0	0	0	1	8	8	8	9	9	9	0	0	0	0	0	0	0	1	0	0	0	2	0	0	0	0	0	0	3	0	1	0	1
Exp3_MAG_267	2	19	5	6	0	2	1	2	0	5	2	0	1	0	0	1	0	0	2	1	28	2	7	2	0	3	14	0	0	2	0	0	0	0	0	0	0	2	0	0	0	0	0	0	2	0	1	0	0	2	0	0	0	4	0	0	0	3	0	0	0	3	15	15	15	17	15	16	0	0	0	0	0	0	0	1	0	0	0	1	0	0	0	0	0	0	2	0	1	0	0
Exp3_MAG_248	1	28	4	7	0	2	3	2	0	5	1	0	0	0	0	1	1	0	6	1	51	2	4	1	0	14	12	1	0	0	4	0	1	0	0	1	0	0	0	0	0	0	0	1	1	0	2	0	0	0	0	0	0	0	0	0	0	0	0	0	0	1	10	10	10	12	10	12	0	0	0	0	0	0	0	0	0	0	0	0	0	0	0	0	0	0	6	0	0	0	0
Exp3_MAG_5	0	12	2	10	0	0	0	1	0	1	1	0	0	0	0	1	1	0	4	1	14	1	5	1	0	3	6	0	0	0	1	0	0	0	0	0	0	0	0	0	0	0	0	0	0	0	0	0	0	0	0	0	0	3	0	0	0	1	0	0	0	1	8	8	8	11	8	9	0	0	0	0	0	0	0	0	0	0	0	1	0	0	0	0	0	0	2	0	0	0	3
Exp3_MAG_174	1	8	3	5	0	0	0	1	0	2	2	2	0	0	0	1	1	0	3	1	16	1	4	1	0	2	6	1	0	0	1	0	0	0	0	0	0	1	0	0	0	0	0	2	0	0	0	0	0	1	0	0	0	5	0	0	0	1	0	0	0	1	8	8	8	12	8	9	0	0	0	0	0	0	0	0	0	0	0	1	0	0	0	0	0	0	0	0	0	0	2
Exp3_MAG_163	1	8	0	3	0	0	1	1	1	3	1	0	0	3	0	1	1	0	8	0	6	0	4	1	0	0	2	0	0	0	4	0	0	0	0	3	0	1	0	0	1	0	0	1	2	0	0	0	0	0	0	1	0	1	0	2	2	3	2	2	2	2	1	2	1	1	1	1	0	0	0	0	0	0	0	0	0	0	0	1	0	0	0	0	0	0	2	0	0	0	0
Exp3_MAG_193	3	7	3	2	0	1	0	3	0	1	1	0	5	2	2	1	0	0	2	0	5	0	5	1	0	0	4	0	0	0	1	1	0	0	2	1	0	1	0	0	1	0	0	0	0	0	0	0	0	0	0	0	0	4	0	1	1	1	1	1	1	1	3	3	3	3	3	3	0	0	0	0	0	0	0	0	0	0	0	0	0	0	0	0	0	0	2	0	0	0	0
Exp3_MAG_50	2	6	1	2	0	0	0	2	1	0	1	0	3	2	1	0	0	0	1	0	5	1	4	1	0	0	2	0	0	0	3	0	0	0	0	1	0	1	0	0	0	0	0	0	3	0	0	0	0	1	0	0	0	2	0	1	1	1	1	1	1	1	2	2	2	2	2	2	0	0	0	0	0	0	0	0	0	0	0	0	0	0	0	0	0	0	2	0	0	0	0
Exp3_MAG_97	0	8	3	1	0	0	1	3	2	3	1	0	0	3	3	1	1	0	2	0	7	0	4	1	0	1	3	1	0	0	2	0	0	0	1	0	0	2	0	0	0	0	0	0	1	0	1	0	0	1	0	1	0	3	0	0	0	0	0	0	0	2	6	6	6	6	6	6	0	0	0	0	0	0	0	0	0	0	0	0	0	0	0	0	0	0	2	0	0	0	0
Exp3_MAG_182	1	10	3	2	1	4	2	8	2	2	1	3	0	5	3	1	1	0	2	0	4	1	7	1	0	0	9	0	0	1	1	0	1	1	1	1	0	1	0	0	1	0	0	5	2	0	0	0	0	2	0	1	0	2	0	1	1	1	1	1	1	3	1	1	1	2	1	2	0	0	0	0	0	0	0	1	0	0	0	0	0	0	0	0	0	0	1	0	0	0	0
Exp3_MAG_253	1	21	1	4	0	3	1	5	2	6	1	4	1	6	4	0	4	1	5	0	10	1	10	1	0	0	8	2	0	0	3	1	0	5	2	1	0	1	0	0	0	0	0	6	1	0	0	0	0	1	0	1	0	1	0	1	1	3	1	1	1	4	5	5	5	6	5	5	0	0	0	0	0	0	0	1	0	0	0	0	0	0	0	0	0	0	4	0	1	0	0
Exp3_MAG_110	0	16	3	4	0	4	0	8	1	4	0	0	2	5	3	0	1	0	3	1	9	1	3	1	0	3	7	1	0	0	5	0	0	3	0	2	0	1	0	0	1	1	0	2	0	0	0	0	0	1	0	1	0	3	0	1	1	2	1	1	1	3	1	1	1	1	2	1	0	0	0	0	0	0	0	1	0	0	0	0	0	0	0	0	0	0	3	0	1	0	0
Exp3_MAG_270	3	34	2	4	0	3	2	15	3	5	5	0	2	9	1	1	2	0	8	1	14	1	16	0	0	3	15	2	0	0	8	1	0	4	0	5	0	2	0	0	0	0	1	3	4	0	3	0	0	3	0	1	0	8	0	2	2	3	2	2	2	2	3	3	3	3	3	4	0	0	0	0	0	0	0	0	0	0	0	0	0	0	0	0	0	0	1	0	0	0	0
Exp3_MAG_273	1	13	2	1	0	0	0	5	0	2	1	0	0	1	3	1	5	0	2	0	4	0	6	0	0	0	1	5	0	0	7	0	1	1	0	3	0	1	0	0	1	0	0	1	1	0	0	0	0	1	0	0	0	3	0	1	1	4	1	1	1	1	3	4	3	3	3	3	0	0	0	0	0	0	0	0	0	0	0	0	0	0	0	0	0	0	2	0	2	0	0
Exp3_MAG_21	1	1	0	2	0	2	1	1	0	0	0	0	1	0	0	0	0	0	0	1	4	0	0	1	0	0	0	0	0	0	0	0	0	1	1	0	0	1	0	0	0	0	0	1	0	0	0	0	0	0	0	2	0	0	0	0	0	1	0	0	0	0	3	3	3	3	3	3	0	0	0	0	0	0	0	0	0	0	0	0	0	0	0	0	0	0	0	0	0	0	0
Exp3_MAG_54	0	1	0	2	0	0	0	0	1	2	0	0	0	0	0	1	1	0	0	0	3	0	1	1	0	0	2	0	0	0	0	0	0	1	0	0	0	1	0	0	1	0	0	1	0	0	0	0	0	0	0	1	0	3	0	1	1	1	1	1	1	0	4	4	4	4	4	4	0	0	0	0	0	0	0	0	0	0	0	0	0	0	0	0	0	0	0	0	0	0	0
GCF_000475395	1	23	4	12	0	1	2	12	1	5	3	1	1	4	1	0	4	0	3	1	4	4	7	1	0	0	6	4	0	0	4	0	0	2	1	2	0	1	0	0	0	0	1	8	1	0	1	0	0	0	0	0	0	2	0	1	1	3	1	1	1	4	1	1	1	1	2	1	0	0	0	0	0	0	0	0	0	0	0	0	0	0	0	0	0	0	3	0	0	0	0
Exp3_MAG_240	1	18	1	11	0	1	1	11	2	5	2	4	0	5	0	0	4	0	6	0	6	0	3	1	0	0	3	4	0	1	3	0	1	1	2	3	1	0	0	0	0	0	0	2	3	0	1	0	0	0	1	0	0	7	0	1	1	2	1	1	1	2	0	1	0	0	0	3	0	0	0	0	0	0	0	0	0	0	0	0	0	0	0	0	0	0	2	0	1	0	0
Exp3_MAG_6	1	4	0	0	0	1	0	0	1	0	1	1	1	0	0	0	0	0	0	0	2	0	5	0	0	0	0	1	0	0	0	0	0	0	0	0	0	1	0	0	0	0	0	0	1	0	0	0	0	0	0	0	0	2	0	0	0	0	0	0	0	0	1	1	1	1	1	1	0	0	0	0	0	0	0	0	0	0	0	0	0	0	0	0	0	0	2	0	0	0	0
Exp3_MAG_139	4	3	0	4	0	3	5	7	0	1	2	3	2	1	1	1	2	0	5	1	3	0	3	0	0	0	3	0	0	0	1	1	0	0	0	4	0	1	0	0	0	0	0	3	3	0	7	0	0	0	0	0	0	1	0	0	0	2	0	0	0	0	3	4	3	4	3	3	0	0	1	0	0	0	0	0	0	0	0	0	0	0	0	1	0	0	1	0	1	0	0
Exp3_MAG_82	1	10	2	2	0	2	3	5	0	1	2	2	0	2	0	0	0	0	5	0	9	1	1	1	1	0	5	1	0	0	1	0	0	1	0	3	1	1	0	0	0	0	0	1	0	0	3	0	0	0	0	0	0	1	0	1	1	2	1	1	1	3	1	1	1	1	1	1	0	0	0	0	0	0	0	0	0	0	0	0	0	0	0	0	0	0	1	0	1	0	0
Exp3_MAG_170	1	31	5	16	0	1	0	10	1	3	2	0	1	0	0	1	6	0	10	1	12	2	3	2	0	0	8	1	0	0	2	0	0	0	0	0	1	1	0	0	0	0	0	1	1	0	1	0	0	1	0	0	0	4	0	1	1	3	1	1	1	2	4	4	4	4	5	4	0	0	0	0	0	0	0	0	0	0	0	1	0	0	0	0	0	0	5	0	1	0	0
GCF_031600295	2	39	3	18	0	1	1	5	1	4	2	4	1	1	2	1	4	4	7	1	21	2	3	1	0	0	6	0	0	0	1	0	1	1	2	0	0	1	0	0	0	0	1	4	1	0	1	0	0	0	0	0	0	5	0	1	1	2	1	1	1	1	6	8	6	8	6	8	0	0	0	0	0	0	0	0	0	0	0	0	0	0	0	0	0	0	2	0	0	0	0
GCF_016584445	2	38	3	18	0	1	1	5	1	4	2	4	1	1	2	1	4	4	7	1	21	2	3	1	0	0	6	0	0	0	1	0	1	1	2	0	0	1	0	0	0	0	1	4	2	0	1	0	0	0	0	0	0	5	0	1	1	2	1	1	1	1	6	8	6	8	6	8	0	0	0	0	0	0	0	0	0	0	0	0	0	0	0	0	0	0	2	0	0	0	0
Exp3_MAG_232	1	26	5	17	1	3	1	10	2	5	6	1	0	2	3	2	8	0	10	0	24	3	4	0	0	11	18	2	1	1	2	1	2	0	1	3	1	1	0	0	0	0	1	7	1	0	2	0	2	1	0	0	0	10	0	1	1	8	1	1	1	8	12	13	12	13	14	12	0	0	0	0	0	0	0	0	0	0	0	1	0	0	0	0	0	0	5	0	1	0	0
Exp3_MAG_278	2	35	6	20	0	2	0	16	1	4	5	1	0	3	4	0	7	0	22	0	29	2	6	1	0	3	13	1	0	0	3	0	3	1	1	3	2	0	0	0	0	0	2	7	2	0	1	0	2	1	0	0	0	11	0	1	1	3	1	1	1	2	11	12	11	14	14	15	0	0	0	0	0	0	0	0	0	0	0	1	0	0	0	0	0	0	5	0	1	0	0
Exp3_MAG_245	3	26	7	25	0	6	2	18	2	8	5	5	1	3	7	0	9	0	15	0	27	7	7	1	0	2	16	1	0	0	1	0	3	0	2	5	2	1	0	0	0	0	0	6	2	0	3	0	2	1	0	0	0	8	0	1	1	4	1	1	1	0	7	7	7	14	7	8	0	0	0	0	0	0	0	0	0	0	0	1	0	0	0	0	0	0	2	0	1	0	0
Exp3_MAG_266	2	17	4	7	0	2	2	8	0	2	3	2	1	2	1	0	2	0	4	0	12	3	1	0	0	3	7	1	0	0	1	0	1	0	1	3	0	2	0	0	0	0	0	6	2	0	1	0	0	2	0	0	0	4	0	1	1	4	1	1	1	1	7	8	7	8	8	8	0	0	0	0	0	0	0	0	0	0	0	0	0	0	0	0	0	0	2	0	1	0	0
Exp3_MAG_213	2	20	3	3	0	1	0	7	1	3	2	0	0	2	0	2	3	0	7	0	5	0	6	1	1	1	6	1	0	0	8	0	2	1	0	4	0	1	0	0	0	0	1	1	0	0	0	0	0	1	0	0	0	5	0	1	1	4	1	1	1	1	3	3	3	3	3	4	0	0	0	0	0	0	0	0	0	0	0	0	0	0	0	0	0	0	2	0	1	0	0
Exp3_MAG_130	2	28	6	4	1	3	5	9	1	6	3	6	2	1	0	2	4	0	5	1	12	0	4	1	1	1	5	4	0	0	3	1	1	1	1	4	0	0	0	0	0	0	1	4	4	0	0	0	0	0	0	1	0	2	0	1	1	3	1	1	1	3	5	6	5	6	5	6	0	0	0	0	0	0	0	0	0	0	0	0	0	0	0	0	0	0	4	0	1	0	0
Exp3_MAG_146	1	15	1	3	0	1	3	6	1	4	1	2	1	2	0	0	1	0	1	0	3	0	4	1	0	1	4	2	0	1	3	0	1	1	0	4	1	1	0	0	0	0	0	4	3	0	0	0	0	1	0	2	0	2	0	1	1	5	1	1	1	2	2	3	2	2	2	3	0	0	0	0	0	0	0	0	0	0	0	1	0	0	0	0	0	0	3	0	2	0	0
Exp3_MAG_9	3	9	4	1	0	2	1	9	1	2	1	0	0	2	1	1	1	0	5	0	0	3	4	1	0	4	8	2	0	0	0	0	0	0	0	0	0	0	0	0	2	0	0	0	1	0	0	0	0	0	0	0	0	1	0	1	1	4	1	1	1	2	4	5	4	4	6	4	0	0	0	0	0	0	0	0	0	0	0	0	0	0	0	0	0	0	1	0	1	0	0
Exp3_MAG_279	2	13	2	3	0	3	0	6	0	4	0	8	1	2	2	0	1	0	0	0	4	4	5	1	0	0	9	0	0	0	3	0	0	0	0	1	2	2	0	0	0	0	0	1	0	0	0	0	0	1	0	0	0	3	0	0	0	2	0	0	0	0	4	4	4	7	4	5	0	0	0	0	0	0	0	2	0	0	0	2	0	0	0	0	0	0	2	0	2	0	0
Exp3_MAG_254	1	23	5	13	0	5	0	10	0	8	2	3	0	2	1	1	10	0	7	2	13	1	6	2	0	0	4	5	0	0	2	0	1	0	0	3	0	1	0	0	0	0	1	5	0	0	0	0	0	0	0	2	0	4	0	1	1	3	1	1	1	4	6	7	6	10	6	11	0	0	0	0	0	0	0	1	0	0	0	2	0	0	0	0	0	0	2	0	2	0	0
Exp3_MAG_243	0	14	2	11	0	1	1	4	1	3	2	3	0	2	0	0	5	0	2	0	12	1	6	0	0	1	2	3	0	0	2	0	0	0	0	1	0	1	0	0	0	0	1	3	1	0	0	0	0	1	0	0	0	3	0	1	1	3	1	1	1	2	6	7	6	9	6	12	0	0	0	0	0	0	0	1	0	0	0	0	0	0	0	0	0	0	2	0	0	0	0
Exp3_MAG_20	5	30	3	14	0	3	1	1	3	5	1	0	0	1	1	3	5	0	4	1	30	1	2	2	0	7	14	1	0	0	2	0	0	0	2	4	3	1	1	0	0	0	0	4	0	1	0	0	0	0	0	0	0	8	0	1	1	2	1	1	1	1	6	7	6	6	6	6	0	0	0	0	0	0	0	1	0	0	0	0	0	0	0	0	0	0	1	0	1	0	0
Exp3_MAG_249	2	4	0	1	0	0	0	0	0	0	0	0	0	0	0	0	0	0	1	0	2	1	0	1	0	0	0	1	0	0	0	0	0	0	0	0	0	0	0	0	0	0	0	0	0	0	0	0	0	0	0	0	0	0	0	0	0	1	0	0	0	0	0	0	0	0	0	0	0	0	0	0	0	0	0	0	0	0	0	0	0	0	0	0	0	0	0	0	0	0	0
Exp3_MAG_132	4	14	5	4	0	0	0	8	0	1	2	1	0	0	0	0	0	0	3	0	5	1	3	1	0	1	5	0	0	0	1	0	0	1	3	1	0	0	0	0	0	0	0	1	2	0	4	0	0	0	0	0	0	2	0	0	0	2	0	0	0	1	3	4	3	4	3	4	0	0	0	0	0	0	0	0	0	0	0	0	0	0	0	0	0	0	1	0	1	0	0
Exp3_MAG_138	3	11	2	4	0	1	1	4	6	9	2	0	0	0	0	0	3	4	5	2	1	1	1	0	0	0	1	1	0	1	0	0	0	0	0	0	3	0	0	0	0	0	0	1	0	3	1	0	0	0	0	0	0	0	0	0	0	1	0	0	0	2	1	1	1	1	1	1	0	0	0	0	0	0	0	0	0	0	0	0	0	0	0	0	0	0	1	0	0	0	0
Exp3_MAG_58	3	6	1	3	0	0	0	0	0	0	1	0	0	0	0	0	0	0	1	1	0	0	1	3	0	0	1	0	0	1	0	0	0	0	1	0	5	0	0	0	0	0	0	0	0	0	0	0	0	0	0	0	0	1	0	0	0	1	0	0	0	1	0	0	0	0	0	0	0	0	0	0	0	0	0	0	0	0	0	0	0	0	0	0	0	0	0	0	0	0	0
Exp3_MAG_74	3	16	6	6	0	2	1	12	0	7	3	6	1	2	0	0	3	0	7	1	7	4	6	2	0	0	3	0	0	1	7	0	0	0	0	2	1	0	0	0	0	0	1	4	1	0	2	0	0	2	0	1	0	3	0	1	1	3	1	1	1	2	1	3	1	2	1	3	0	0	0	0	0	0	0	0	0	0	0	1	0	0	0	0	0	0	1	0	1	0	0
Exp3_MAG_264	0	17	3	9	0	1	1	3	1	5	0	0	1	4	0	0	0	0	3	0	11	2	4	0	1	2	3	0	0	0	0	0	0	0	2	0	0	0	0	0	0	0	0	4	1	0	3	2	0	1	0	0	0	0	0	0	0	0	0	0	0	0	1	1	1	1	1	2	0	0	0	0	0	0	0	0	0	0	0	0	0	0	0	0	0	0	0	0	0	0	0
Exp3_MAG_100	0	1	0	0	2	3	1	0	1	2	0	0	0	0	0	0	5	0	0	0	6	0	0	0	0	0	1	0	0	0	1	0	0	0	0	3	7	1	0	0	0	0	0	1	0	1	0	1	0	0	0	0	0	0	0	0	0	0	0	0	0	1	0	0	0	0	0	0	0	0	0	0	0	0	0	0	0	0	0	0	0	0	0	0	0	0	0	0	0	0	0
Exp3_MAG_103	4	4	1	1	0	0	1	0	0	0	1	0	0	0	0	0	1	0	1	1	7	0	2	3	1	1	9	0	0	1	0	0	0	0	0	0	0	0	0	0	0	0	0	0	0	0	0	0	0	0	0	0	0	0	0	0	0	0	0	0	0	0	4	4	4	4	4	5	0	0	0	0	0	0	0	0	0	0	0	0	0	0	0	0	0	0	0	0	0	0	1
Exp3_MAG_25	5	5	1	0	0	0	0	0	0	0	0	0	0	0	0	0	0	0	0	0	0	1	0	2	1	0	0	0	0	0	0	0	0	0	0	0	0	0	0	0	0	0	0	0	0	0	0	0	0	0	0	0	0	0	0	0	0	0	0	0	0	0	2	2	2	2	2	3	0	0	0	0	0	0	0	0	0	0	0	0	0	0	0	0	0	0	0	0	0	0	0
Exp3_MAG_215	2	1	0	0	0	0	0	0	0	0	0	0	0	0	0	0	0	0	0	0	0	0	0	2	1	0	0	0	0	0	0	0	0	0	0	0	0	0	0	0	0	0	0	0	0	0	0	0	0	0	0	0	0	0	0	0	0	0	0	0	0	0	2	2	2	2	2	3	0	0	0	0	0	0	0	0	0	0	0	0	0	0	0	0	0	0	0	0	0	0	0
GROW_93_consensus	15	11	9	14	0	3	2	10	0	3	3	0	0	5	0	0	5	1	1	1	7	0	4	4	2	0	9	1	1	0	0	0	0	3	0	1	0	0	0	0	2	0	0	11	1	0	1	0	0	1	0	0	0	1	0	0	0	0	0	0	0	3	2	2	2	3	2	3	0	0	0	0	0	0	0	0	0	0	0	0	0	0	0	0	0	0	1	0	0	0	0
GROW_70_consensus	11	9	4	0	0	1	1	0	0	2	0	0	0	1	0	0	0	0	1	1	2	0	1	4	2	0	5	0	0	0	1	0	0	1	0	0	0	0	0	0	0	0	0	2	1	0	0	0	0	0	0	0	0	0	0	0	0	0	0	0	0	2	1	1	1	3	1	1	0	0	0	0	0	0	0	0	0	0	0	0	0	0	0	0	0	0	0	0	0	0	0
g_68A_medaka	11	10	10	14	0	1	1	4	0	2	1	0	0	1	0	0	0	0	0	1	0	0	1	4	2	0	6	0	0	0	1	1	0	2	0	1	1	0	0	0	0	0	0	3	0	0	0	0	0	0	0	0	0	0	0	0	0	0	0	0	0	1	1	1	1	2	1	1	0	0	0	0	0	0	0	0	0	0	0	0	0	0	0	0	0	0	1	0	0	0	0
GROW_76_consensus	11	10	10	15	0	1	1	4	0	2	1	0	0	1	0	0	0	0	0	1	0	0	1	4	2	0	6	0	0	0	1	1	0	2	0	1	1	0	0	0	0	0	0	3	0	0	0	0	0	0	0	0	0	0	0	0	0	0	0	0	0	1	1	1	1	2	1	1	0	0	0	0	0	0	0	0	0	0	0	0	0	0	0	0	0	0	1	0	0	0	0
GROW_131_consensus	18	11	9	17	0	2	2	9	5	3	0	1	1	4	1	0	0	0	1	1	1	0	5	2	1	0	5	0	1	0	1	2	0	3	0	0	2	0	0	0	0	0	0	8	2	0	0	0	0	0	0	0	0	2	0	0	0	0	0	0	0	1	3	3	3	3	3	4	0	0	0	0	0	0	0	0	0	0	0	0	0	0	0	0	0	0	1	0	0	0	0
Exp3_MAG_27	11	9	7	1	0	2	0	1	1	4	2	6	1	2	0	0	0	0	0	6	1	0	3	2	1	0	11	0	0	0	1	0	0	1	0	0	0	0	0	0	0	0	0	1	0	0	0	0	0	1	1	0	0	1	0	0	0	0	0	0	0	3	2	2	2	3	2	2	0	0	0	0	0	0	0	0	0	0	0	0	0	0	0	0	0	0	1	0	0	0	0
GROW_61_consensus	11	10	5	2	0	3	0	1	0	3	2	6	1	1	0	0	0	0	1	3	0	0	3	2	1	0	5	0	0	0	1	1	0	1	0	0	0	0	0	0	0	0	0	2	0	0	1	0	0	0	1	0	0	1	0	0	0	0	0	0	0	2	2	2	2	2	2	2	0	0	0	0	0	0	0	0	0	0	0	0	0	0	0	0	0	0	0	0	0	0	0
GROW_72_consensus	11	9	5	2	0	3	0	1	1	3	2	6	2	1	0	0	0	0	1	2	0	0	3	2	1	0	5	0	0	0	1	1	0	1	0	0	1	0	0	0	0	0	0	1	0	0	1	0	0	0	0	0	0	1	0	0	0	0	0	0	0	2	2	2	2	2	2	2	0	0	0	0	0	0	0	0	0	0	0	0	0	0	0	0	0	0	0	0	0	0	0
GROW_73_consensus	11	10	5	2	0	3	0	1	0	3	2	6	1	1	0	0	0	0	2	3	0	0	3	2	1	0	4	0	0	0	1	1	0	1	0	0	0	0	0	0	0	0	0	2	0	0	1	0	0	0	1	0	0	1	0	0	0	0	0	0	0	2	2	2	2	2	2	2	0	0	0	0	0	0	0	0	0	0	0	0	0	0	0	0	0	0	0	0	0	0	0
GROW_113_consensus	6	18	3	1	0	2	0	2	0	2	1	1	0	1	0	0	1	0	0	1	1	2	2	4	12	0	1	1	0	0	0	0	0	0	0	0	0	0	0	0	0	0	0	0	0	0	0	0	0	0	0	0	0	0	0	0	0	0	0	0	0	0	3	3	3	5	7	3	0	0	0	0	0	0	0	0	0	0	0	0	0	0	0	0	0	0	0	0	0	0	0
GROW_77_consensus	7	18	3	0	0	1	0	2	0	1	1	1	0	2	0	0	0	0	0	1	0	2	2	4	18	0	3	1	0	0	1	0	0	0	0	0	0	0	0	0	0	0	0	0	1	0	0	0	0	0	0	0	0	0	0	0	0	0	0	0	0	0	3	3	3	3	5	3	0	0	0	0	0	0	0	0	0	0	0	0	0	0	0	0	0	0	0	0	0	0	0
GCF_013423925	7	16	4	1	0	2	0	2	0	1	1	1	0	2	0	0	0	0	0	1	0	3	4	4	6	0	2	0	0	1	0	0	0	0	0	0	0	0	0	0	0	0	1	0	0	0	0	0	0	1	0	0	0	0	0	0	0	0	0	0	1	2	2	2	2	3	6	2	0	0	0	0	0	0	0	0	0	0	0	1	0	0	0	0	0	0	0	0	0	0	0
Exp3_MAG_60	5	8	3	0	1	1	0	1	0	0	1	1	0	0	0	0	0	0	0	1	0	2	1	1	3	0	1	1	0	0	1	0	0	0	0	0	0	0	0	0	0	0	0	0	0	0	1	0	0	1	0	0	0	0	0	0	0	0	0	0	0	1	1	1	1	1	3	1	0	0	0	0	0	0	0	0	0	0	0	0	0	0	0	0	0	0	1	0	0	0	0
GCF_029269265	8	16	3	1	0	2	0	1	0	2	2	1	0	0	0	0	0	0	1	1	0	4	1	3	6	0	3	1	0	0	0	0	0	0	0	0	0	0	0	0	0	0	0	0	0	0	0	0	0	0	0	0	0	0	0	2	1	1	1	1	1	2	3	3	3	3	6	3	0	0	0	0	0	0	0	0	0	0	0	0	0	0	0	0	0	0	0	0	0	0	0
Exp3_MAG_194	2	6	1	1	0	1	1	1	0	1	0	0	1	0	0	1	1	0	0	1	1	1	0	2	7	0	0	0	1	1	1	0	0	1	0	0	0	0	0	0	0	0	0	0	0	0	1	0	0	1	0	0	0	0	0	0	0	1	0	0	0	0	3	3	3	3	3	4	0	0	0	0	0	0	0	0	0	0	0	1	0	0	0	0	0	0	0	0	0	0	1
Exp3_MAG_199	3	10	2	2	0	1	0	0	0	1	0	0	0	1	0	0	1	0	2	1	6	0	1	0	0	1	3	0	0	0	0	0	0	0	0	0	0	0	0	0	0	0	0	0	0	0	0	0	0	1	0	0	0	0	0	0	0	0	0	0	0	0	0	0	0	0	0	0	0	0	0	0	0	0	0	0	0	0	0	0	0	0	0	0	0	0	0	0	0	0	0
LMAZ01000003	4	4	0	1	0	0	0	0	0	1	0	0	1	0	0	0	0	0	1	0	1	0	0	0	1	0	0	0	0	0	0	0	0	0	0	0	0	0	0	0	0	0	0	0	0	0	0	0	0	0	0	0	0	1	0	0	0	0	0	0	0	0	2	2	2	2	2	3	0	0	0	0	0	0	0	0	0	0	0	0	0	0	0	0	0	0	0	0	0	0	0
GCF_000267545	13	21	10	2	5	13	1	4	6	4	1	3	0	2	0	0	4	0	4	1	10	3	2	4	18	0	3	0	0	0	0	1	0	1	0	0	3	0	0	0	0	0	0	2	0	0	0	0	0	1	0	0	0	1	0	0	0	0	0	0	0	1	3	3	3	4	3	4	0	1	2	0	0	0	0	0	0	0	1	0	0	0	0	0	0	0	0	0	0	0	1
GCF_029269135	11	26	4	3	0	3	1	1	0	2	1	2	0	3	0	0	0	0	3	1	2	1	2	4	14	2	6	2	0	0	0	2	1	0	2	0	0	0	0	0	0	0	0	0	2	1	0	0	0	0	0	0	0	0	0	0	0	0	0	0	0	0	4	5	4	4	5	5	0	0	3	0	0	0	0	1	0	0	3	1	0	0	0	0	0	0	0	0	0	0	0
GROW_123_consensus	20	28	12	19	0	8	1	13	3	5	1	11	0	7	0	0	5	0	3	1	14	2	6	4	11	0	6	2	1	0	2	0	0	0	1	0	4	0	0	0	2	0	1	5	1	0	2	0	0	1	0	0	0	2	0	0	0	0	0	0	0	2	3	3	3	3	3	4	0	0	1	0	0	0	0	1	0	0	1	1	0	0	0	0	0	0	0	0	0	0	0
CP063454	23	32	13	21	0	11	3	12	1	4	2	7	0	6	0	1	5	0	4	1	8	3	4	4	15	0	10	2	0	0	1	0	0	0	2	0	1	0	0	0	2	0	1	0	0	0	1	0	0	1	0	0	0	0	0	0	0	0	0	0	0	1	3	3	3	3	3	5	0	0	1	0	0	0	0	1	0	0	1	1	0	0	0	0	0	0	0	0	0	0	0
GCF_026428315	23	32	13	21	0	11	3	12	1	4	2	7	0	6	0	1	5	0	4	1	8	3	4	4	15	0	10	2	0	0	1	0	0	0	2	0	1	0	0	0	2	0	1	0	0	0	1	0	0	1	0	0	0	0	0	0	0	0	0	0	0	1	3	3	3	3	3	5	0	0	1	0	0	0	0	1	0	0	1	1	0	0	0	0	0	0	0	0	0	0	0
GCF_029269255	19	28	13	18	0	9	1	11	0	4	2	14	0	6	0	0	5	0	2	1	6	2	5	4	14	0	8	4	0	0	0	0	0	0	1	0	1	0	0	0	2	0	1	0	1	0	2	0	0	1	0	0	0	0	0	0	0	0	0	0	0	1	3	3	3	3	3	4	0	0	1	0	0	0	0	1	0	0	1	1	0	0	0	0	0	0	0	0	0	0	0
GCF_051450025	19	28	13	18	0	9	1	11	0	4	2	14	0	6	0	0	5	0	2	1	6	2	5	4	14	0	8	4	0	0	0	0	0	0	1	0	1	0	0	0	2	0	1	0	1	0	2	0	0	1	0	0	0	0	0	0	0	0	0	0	0	1	3	3	3	3	3	4	0	0	1	0	0	0	0	1	0	0	1	1	0	0	0	0	0	0	0	0	0	0	0
GCF_026428335	19	31	14	13	0	9	1	11	6	7	1	10	0	6	0	1	6	0	3	1	6	2	7	4	23	2	6	2	1	0	1	3	0	2	3	3	2	0	0	0	5	0	1	8	1	0	1	0	0	1	0	0	0	1	0	0	0	0	0	0	0	1	4	4	4	4	4	7	0	0	1	0	0	0	0	1	0	0	1	1	0	0	0	0	0	0	0	0	0	0	0
CP063455	19	31	14	13	0	9	1	11	6	7	1	10	0	6	0	1	6	0	3	1	6	2	7	4	23	2	6	2	1	0	1	3	0	2	3	3	2	0	0	0	5	0	1	8	1	0	1	0	0	1	0	0	0	1	0	0	0	0	0	0	0	1	4	4	4	4	4	7	0	0	1	0	0	0	0	1	0	0	1	1	0	0	0	0	0	0	0	0	0	0	0
Exp3_MAG_239	17	21	6	2	1	6	0	10	1	3	1	3	1	4	0	2	4	0	2	1	3	2	5	4	24	1	4	0	0	0	1	0	0	0	2	0	1	0	0	0	3	0	1	1	0	0	0	0	0	1	0	0	0	1	0	0	0	0	0	0	0	1	4	5	4	4	4	6	0	0	2	0	0	0	0	1	0	0	2	1	0	0	0	0	0	0	2	0	0	0	0
GROW_83_consensus	15	34	10	4	0	8	1	9	0	4	1	5	1	9	1	0	6	0	3	1	5	2	5	5	20	1	5	2	0	0	2	0	1	0	3	0	1	0	0	0	2	0	1	2	1	0	0	0	0	2	0	0	0	0	0	0	0	1	0	0	0	1	4	5	4	4	4	7	0	0	2	0	0	0	0	1	0	0	2	1	0	0	0	0	0	0	1	0	0	0	1
GROW_105_consensus	20	32	11	18	0	8	0	12	3	5	1	9	0	12	2	1	9	0	5	1	8	4	10	5	17	1	9	3	0	0	1	1	1	1	5	4	4	1	0	0	3	0	1	2	0	0	2	0	0	2	0	0	0	3	0	0	0	1	0	0	0	1	3	4	3	3	3	6	0	0	2	0	0	0	0	1	0	0	2	1	0	0	0	0	0	0	3	0	0	0	1
GROW_68_consensus	22	27	13	17	1	11	1	14	13	11	1	10	0	6	1	1	2	0	3	1	7	2	6	4	20	2	14	1	0	0	5	2	0	1	1	4	6	1	0	0	4	0	1	1	0	1	2	0	0	2	0	0	0	1	0	0	0	0	0	0	0	1	3	3	3	4	3	5	0	0	1	0	0	0	0	1	0	0	1	1	0	0	0	0	0	0	2	0	0	0	0
GCF_029269225	21	26	14	3	1	6	1	13	12	10	1	10	0	7	1	1	2	0	3	1	6	2	8	4	20	2	13	2	0	0	4	1	0	1	1	4	6	1	0	0	3	0	1	1	0	0	2	0	0	2	0	0	0	2	0	0	0	0	0	0	0	1	3	3	3	4	3	5	0	0	1	0	0	0	0	1	0	0	1	1	0	0	0	0	0	0	1	0	0	0	0
GROW_67_consensus	23	26	12	17	1	8	1	13	13	11	1	9	0	6	1	1	2	0	3	1	7	2	6	4	19	2	12	1	1	0	5	2	0	1	1	4	6	1	0	0	3	0	1	1	0	1	2	0	0	2	0	0	0	1	0	0	0	0	0	0	0	1	3	3	3	4	3	5	0	0	1	0	0	0	0	1	0	0	1	1	0	0	0	0	0	0	2	0	0	0	0
GCF_029269295	21	26	13	3	1	9	0	11	9	9	1	10	0	7	0	2	2	0	3	1	12	2	6	4	19	2	15	1	0	0	1	2	0	0	0	0	5	0	0	0	5	0	2	2	1	1	2	0	0	2	0	0	0	1	0	0	0	0	0	0	0	2	3	3	3	4	3	4	0	0	2	0	0	0	0	1	0	0	1	1	0	0	0	1	0	0	1	0	0	0	0
GROW_74_consensus	23	28	9	10	0	9	4	14	8	7	1	8	0	8	2	2	3	0	3	1	10	3	8	4	22	1	10	1	0	0	1	2	0	1	0	0	1	0	0	0	6	0	1	1	1	0	2	0	0	3	0	0	0	3	0	0	0	0	0	0	0	1	3	3	3	3	3	5	0	0	1	0	0	0	0	1	0	0	1	1	0	0	0	0	0	0	1	0	0	0	0
GCF_015277575	16	23	13	2	0	5	2	11	0	2	1	4	1	2	0	1	2	0	3	1	5	2	5	4	12	1	8	0	0	0	1	1	0	0	2	3	1	0	0	0	2	0	1	7	1	0	1	0	0	2	0	0	0	2	0	0	0	0	0	0	0	1	4	4	4	5	4	8	0	0	0	0	0	0	0	1	0	0	0	1	0	0	0	0	0	0	1	0	0	0	0
GCF_029269175	18	26	13	2	0	6	1	11	0	2	1	4	1	3	0	1	2	0	2	1	5	2	4	4	13	1	10	0	0	0	1	1	0	0	2	3	1	0	0	0	2	0	1	8	1	0	1	0	0	2	0	0	0	2	0	0	0	0	0	0	0	1	3	3	3	4	3	7	0	0	0	0	0	0	0	1	0	0	0	1	0	0	0	0	0	0	1	0	0	0	0
GCF_029269195	17	25	13	2	0	6	1	10	0	3	1	7	1	2	1	1	6	0	4	1	9	4	6	4	17	1	7	1	0	0	2	1	0	0	2	3	1	0	0	0	3	0	1	10	0	0	0	0	0	2	0	0	0	0	0	0	0	0	0	0	0	1	4	4	4	4	4	6	0	0	1	0	0	0	0	1	0	0	1	1	0	0	0	0	0	0	1	0	0	0	0
GROW_101_consensus	20	24	18	3	0	7	2	9	0	4	2	7	1	3	1	1	6	0	5	1	8	3	6	4	24	1	12	2	0	0	6	1	0	0	1	3	4	0	0	0	4	0	1	9	1	0	0	0	0	2	0	0	0	2	0	0	0	0	0	0	0	1	6	6	6	7	6	9	0	0	0	0	0	0	0	1	0	0	0	1	0	0	0	0	0	0	3	0	0	0	0
GCF_000475415	6	20	7	2	0	0	2	6	0	3	0	1	0	2	0	0	0	0	4	1	8	5	5	3	0	0	2	1	0	0	0	1	0	0	1	1	1	0	0	0	0	0	0	0	1	0	0	0	0	0	0	0	0	0	0	1	1	5	1	1	1	1	2	2	2	2	2	3	0	0	0	0	0	0	0	0	0	0	0	0	0	0	0	0	0	0	0	0	0	0	0
GCF_000475255	3	24	8	1	0	2	0	2	0	3	1	1	0	1	0	1	3	0	0	1	5	1	4	4	2	2	9	0	0	1	0	0	0	0	0	0	0	1	0	0	0	0	0	0	0	1	0	0	0	1	1	0	0	2	0	0	0	0	0	0	0	0	5	6	5	5	6	6	0	0	1	0	0	0	0	1	0	0	1	0	0	0	0	0	0	0	0	0	0	0	0
GCF_000475375	4	33	8	4	0	3	0	1	0	3	1	2	0	1	0	1	3	0	1	1	10	1	6	4	11	2	11	0	0	1	1	1	0	0	1	0	0	2	0	0	1	0	0	0	0	0	0	0	0	1	1	0	0	3	0	0	0	1	0	0	0	1	5	6	5	5	6	6	0	0	1	0	0	0	0	1	0	0	1	0	0	0	0	0	0	0	1	0	1	0	0
GCF_000475315	4	25	2	3	0	2	0	0	0	2	0	1	0	1	0	0	0	0	0	1	5	1	6	4	9	2	9	0	0	1	0	1	0	0	1	0	0	1	0	0	0	0	0	0	0	0	0	0	0	1	1	0	0	3	0	0	0	1	0	0	0	1	5	6	5	5	6	6	0	0	0	0	0	0	0	1	0	0	0	0	0	0	0	0	0	0	0	0	1	0	0
GCF_000475355	4	26	2	3	0	3	0	0	0	5	1	1	0	1	0	0	0	0	0	1	5	1	6	4	10	2	9	1	0	1	0	0	0	0	1	0	0	0	0	0	0	0	0	0	0	0	0	0	0	1	1	0	0	3	0	0	0	1	0	0	0	1	5	6	5	5	6	6	0	0	1	0	0	0	0	1	0	0	1	0	0	0	0	0	0	0	0	0	1	0	0
GCF_000475295	4	24	3	3	0	3	0	0	1	1	0	1	0	0	0	0	0	0	1	1	11	1	6	4	2	6	10	0	1	0	0	0	0	0	0	0	0	1	0	0	0	0	0	0	1	0	0	0	0	1	0	0	1	3	0	0	0	0	0	0	0	0	5	6	5	6	6	6	0	1	2	0	0	0	0	1	0	0	1	1	1	0	0	0	0	0	2	0	0	0	0
GROW_115_consensus	6	24	19	1	0	5	0	19	1	9	1	7	0	1	0	2	4	0	2	0	7	1	2	7	1	2	11	0	0	0	0	0	0	2	0	3	4	0	0	0	2	0	0	0	1	4	0	0	0	0	0	0	0	1	0	0	0	0	0	0	0	0	2	2	2	3	2	2	0	0	1	0	0	0	0	0	0	0	1	1	0	0	0	0	0	0	0	0	0	0	0
GCF_000475335	3	17	12	2	0	1	1	13	0	1	1	3	0	2	0	2	3	0	0	0	2	1	4	6	1	3	8	0	0	0	0	0	0	1	0	1	0	0	0	0	1	0	0	0	2	0	0	0	0	0	0	0	0	1	0	0	0	0	0	0	0	0	3	3	3	3	3	3	0	0	1	0	0	0	0	0	0	0	1	1	0	0	0	0	0	0	1	0	0	0	0
GROW_126_consensus	9	17	18	3	0	5	3	20	0	6	0	4	0	3	0	1	5	0	3	0	5	1	7	6	0	3	12	0	0	0	0	0	0	2	0	3	0	0	0	0	2	0	0	7	1	0	0	0	1	0	0	0	0	0	0	0	0	0	0	0	0	1	2	2	2	3	2	3	0	0	1	0	0	0	0	0	0	0	1	1	0	0	0	0	0	0	0	0	0	0	0
Exp3_MAG_31	4	8	2	0	0	1	0	0	0	0	0	0	1	0	1	0	0	0	0	0	0	1	0	1	0	0	3	0	0	0	0	0	0	0	0	0	0	0	0	0	0	0	0	0	0	1	0	0	0	0	0	0	0	0	0	0	0	0	0	0	0	1	1	1	1	1	1	1	0	0	0	0	0	0	0	0	0	0	0	0	0	0	0	0	0	0	0	0	0	0	1
Exp3_MAG_144	0	14	3	0	0	0	0	1	0	0	1	0	0	0	0	0	1	0	0	0	2	1	3	3	1	0	2	0	0	0	0	1	0	0	0	0	0	0	0	0	0	0	1	0	1	0	0	0	0	0	0	0	0	1	0	0	0	2	0	0	0	1	2	3	2	2	2	2	0	0	0	0	0	0	0	0	0	0	0	0	0	0	0	0	0	0	1	0	1	0	0
Exp3_MAG_113	3	12	5	1	0	0	1	2	0	1	2	0	0	1	0	0	1	0	1	0	1	1	1	1	1	1	2	0	0	1	0	1	0	0	0	0	0	0	0	0	0	0	1	0	1	0	0	0	0	0	0	0	0	1	0	0	0	3	0	0	0	2	1	1	1	2	6	1	0	0	1	0	0	0	0	0	0	0	1	0	0	0	0	0	0	0	0	0	1	0	0
GROW_127_consensus	4	13	15	0	0	4	1	14	0	6	2	5	0	3	0	0	0	0	0	0	1	1	3	3	1	0	3	0	0	0	0	0	0	0	0	0	0	0	0	0	0	0	1	0	1	0	0	0	0	1	0	0	0	1	0	1	1	2	1	1	1	2	3	3	3	4	4	3	0	0	0	0	0	0	0	0	0	0	0	0	0	0	0	0	0	0	0	0	0	0	1
Exp3_MAG_196	5	10	4	1	0	4	0	6	0	6	0	5	4	2	2	0	1	0	1	1	1	3	1	3	1	0	2	0	0	0	1	0	0	0	0	0	0	0	0	0	0	0	0	1	0	0	1	0	0	0	0	0	0	2	0	0	0	0	0	0	0	0	3	3	3	8	3	6	0	0	0	0	0	0	0	0	0	0	0	0	0	0	0	0	0	0	0	0	0	0	1
Exp3_MAG_241	4	8	5	1	1	2	0	12	0	9	2	1	0	4	1	0	2	0	1	0	0	2	0	3	1	1	2	0	0	0	1	0	0	0	0	0	0	0	0	0	0	0	1	0	0	0	0	0	0	0	0	0	0	0	0	0	0	0	0	0	0	1	4	5	4	13	4	5	0	0	0	0	0	0	0	0	0	0	0	0	0	0	0	0	0	0	1	0	0	0	0
Exp3_MAG_131	6	26	3	13	0	2	0	3	0	4	1	4	0	4	0	0	5	0	4	0	15	2	7	3	1	2	3	3	0	0	7	0	0	0	0	1	0	0	0	0	0	0	1	5	1	0	0	0	0	1	0	0	0	2	0	0	0	0	0	0	0	1	3	4	3	8	3	4	0	0	0	0	0	0	0	0	0	0	0	1	0	0	0	0	0	0	1	0	0	0	3
Exp3_MAG_44	4	26	5	17	0	1	0	1	0	5	2	2	1	2	0	2	3	0	3	0	19	1	4	3	1	1	3	3	0	0	4	0	0	0	1	2	0	0	0	0	0	0	1	3	1	0	0	0	0	1	0	0	0	7	0	0	0	1	0	0	0	0	5	6	5	8	5	6	0	0	0	0	0	0	0	0	0	0	0	0	0	0	0	0	0	0	1	0	0	0	2
Exp3_MAG_189	5	14	1	13	0	5	0	3	0	6	1	5	2	7	1	0	2	0	5	0	6	0	4	2	0	0	5	1	0	0	3	0	1	0	0	3	1	0	0	0	0	0	1	4	0	0	0	0	0	0	0	0	0	1	0	0	0	0	0	0	0	0	5	6	5	5	5	6	0	0	0	0	0	0	0	0	0	0	0	0	0	0	0	0	0	0	2	0	0	0	4
Exp3_MAG_140	3	19	2	13	0	1	0	1	0	2	2	1	3	3	0	1	1	0	4	0	6	2	5	4	0	1	0	1	0	1	2	1	0	0	1	0	0	0	0	0	0	0	0	0	2	0	0	0	0	1	0	0	0	7	0	1	1	2	1	1	1	0	3	3	3	5	3	5	0	0	0	0	0	0	0	0	0	0	0	0	0	0	0	0	0	0	1	0	1	0	1
Exp3_MAG_85	2	15	6	10	0	4	1	6	1	2	4	3	1	1	0	1	5	0	2	0	5	1	1	2	0	0	4	0	0	0	0	1	0	0	1	2	0	0	0	0	0	0	1	3	0	0	2	0	0	3	0	0	0	3	0	0	0	4	0	0	0	2	2	2	2	2	3	2	0	0	0	0	0	0	0	0	0	0	0	1	0	0	0	0	0	0	1	0	1	0	0
Exp3_MAG_42	6	20	3	12	0	0	0	1	0	2	2	0	0	1	0	0	0	0	4	1	3	1	1	2	2	0	1	0	0	0	0	0	0	0	0	0	4	0	0	0	0	0	0	0	0	0	0	0	0	1	0	0	0	0	0	0	0	2	0	0	0	0	2	2	2	2	2	2	0	0	0	0	0	0	0	0	0	0	0	1	0	0	0	0	0	0	0	0	0	0	0
Exp3_MAG_236	7	5	0	2	0	0	0	0	4	5	1	0	1	0	0	0	0	0	0	1	1	0	0	5	7	0	1	0	0	0	0	0	0	0	0	0	0	0	0	0	0	0	0	0	0	0	0	0	0	0	0	0	0	0	0	0	0	0	0	0	0	1	3	3	3	3	3	3	0	0	0	0	0	0	0	0	0	0	0	0	0	0	0	0	0	0	0	0	0	0	0
Exp3_MAG_40	6	16	4	8	0	0	0	0	0	1	1	0	0	1	0	0	1	0	2	0	4	1	0	4	2	0	2	0	0	0	0	0	0	0	0	0	0	0	0	0	0	0	0	1	0	0	0	0	0	0	0	0	0	0	0	0	0	2	0	0	0	1	1	1	1	1	1	2	0	0	0	0	0	0	0	0	0	0	0	1	0	0	0	0	0	0	1	0	0	0	0
Exp3_MAG_150	4	15	5	5	0	1	0	6	8	18	1	4	0	2	0	0	1	0	1	1	2	1	3	4	3	0	3	1	0	0	0	0	0	0	0	0	3	1	0	0	0	0	0	5	0	2	1	0	0	0	1	0	0	0	0	0	0	1	0	0	0	2	1	1	1	1	1	1	0	0	0	0	0	0	0	0	0	0	0	1	0	0	0	0	0	0	0	0	0	0	1
Exp3_MAG_114	4	12	3	1	0	0	0	1	4	10	1	0	0	0	0	0	0	0	1	1	1	2	0	4	1	0	2	0	0	0	0	0	0	0	0	0	3	0	0	0	0	0	0	8	0	2	0	0	0	0	0	0	0	0	0	0	0	2	0	0	0	1	2	2	2	2	2	2	0	0	0	0	0	0	0	0	0	0	0	0	0	0	0	0	0	0	0	0	0	0	0
GCF_001190925	9	46	7	26	0	1	0	2	2	6	5	1	0	3	0	1	9	16	8	2	23	2	2	4	2	0	4	0	0	0	0	0	0	0	0	0	13	0	0	0	0	0	0	0	0	0	1	4	0	1	0	0	0	0	0	1	0	3	0	0	0	1	1	1	1	1	4	2	0	0	0	0	0	0	0	0	0	0	0	0	0	0	0	0	0	0	2	0	0	0	0
Exp3_MAG_287	4	8	2	5	0	0	1	0	0	0	1	0	0	0	0	0	1	1	3	0	2	2	0	1	1	0	3	0	0	0	1	0	0	0	0	1	0	0	0	0	0	0	0	0	0	0	0	0	0	2	0	0	0	0	0	1	0	1	0	0	0	0	1	1	1	1	1	1	0	0	0	0	0	0	0	0	0	0	0	0	0	0	0	0	0	0	0	0	0	0	0
Exp3_MAG_116	5	2	0	0	0	0	0	0	0	0	0	0	0	1	0	0	1	0	0	0	0	0	0	3	0	0	0	0	0	1	0	0	0	0	0	0	1	0	0	0	0	0	0	0	0	0	0	0	0	1	0	0	0	0	0	0	0	0	0	0	0	0	1	1	1	1	1	2	0	0	0	0	0	0	0	0	0	0	0	0	0	0	0	0	0	0	0	0	0	0	0
Exp3_MAG_205	5	2	0	0	0	1	0	0	0	1	0	0	0	1	0	0	0	0	0	0	1	0	0	3	2	0	0	0	0	1	0	0	0	0	0	0	1	0	0	0	0	0	0	0	0	0	0	0	0	1	0	0	0	0	0	0	0	0	0	0	0	0	1	1	1	1	1	2	0	0	0	0	0	0	0	0	0	0	0	0	0	0	0	0	0	0	0	0	0	0	0
Exp3_MAG_83	6	2	0	0	0	0	0	0	0	0	0	0	0	2	0	0	0	0	2	0	1	0	0	2	2	0	2	0	0	1	0	0	0	0	2	0	0	0	0	0	0	0	0	0	0	0	1	0	0	1	0	0	0	0	0	0	0	0	0	0	0	0	3	3	3	3	3	4	0	0	0	0	0	0	0	0	0	0	0	0	0	0	0	0	0	0	0	0	0	0	0
Exp3_MAG_14	6	2	0	0	0	0	0	1	0	1	0	0	0	1	0	1	1	0	0	0	0	0	1	4	2	0	1	0	0	1	0	0	0	0	0	0	0	0	0	0	0	0	0	0	0	1	0	0	0	1	0	0	0	0	0	0	0	0	0	0	0	0	3	3	3	3	3	4	0	0	0	0	0	0	0	0	0	0	0	0	0	0	0	0	0	0	0	0	0	0	0
Exp3_MAG_18	4	1	0	0	0	0	0	0	0	0	0	0	0	1	0	0	0	0	0	0	1	0	0	3	2	0	1	0	0	1	0	0	0	0	1	1	0	0	0	0	0	0	0	0	0	0	0	0	0	2	0	0	0	0	0	0	0	0	0	0	0	0	3	3	3	3	3	4	0	0	0	0	0	0	0	0	0	0	0	0	0	0	0	0	0	0	0	0	0	0	0
Exp3_MAG_47	6	2	0	0	0	1	0	0	0	0	0	0	0	1	0	0	0	0	0	0	1	0	2	3	1	0	1	0	0	0	0	0	0	0	1	0	0	0	0	0	0	0	0	0	0	0	0	0	0	1	0	0	0	0	0	0	0	0	0	0	0	0	3	3	3	3	3	4	0	0	0	0	0	0	0	0	0	0	0	0	0	0	0	0	0	0	0	0	0	0	1
Exp3_MAG_275	6	1	0	0	0	1	0	0	0	0	0	0	0	1	0	0	0	0	0	0	1	0	0	1	0	0	0	0	0	0	0	0	0	0	0	0	0	0	0	0	0	0	0	0	0	0	0	0	0	3	0	0	0	0	0	0	0	0	0	0	0	0	3	3	3	3	3	4	0	0	0	0	0	0	0	0	0	0	0	0	0	0	0	0	0	0	0	0	0	0	0
Exp3_MAG_228	5	1	0	0	0	0	0	0	0	0	0	0	0	0	0	1	0	0	0	0	1	0	0	3	0	0	0	0	0	0	0	0	0	0	0	0	1	0	0	0	0	0	0	0	0	0	0	0	0	0	0	0	0	1	0	0	0	0	0	0	0	0	3	3	3	3	3	4	0	0	0	0	0	0	0	0	0	0	0	0	0	0	0	0	0	0	0	0	0	0	0
Exp3_MAG_48	4	5	1	3	1	0	0	1	0	0	0	1	0	0	0	0	0	0	2	1	0	0	1	2	2	0	1	0	0	1	0	0	0	0	0	1	1	0	0	0	0	0	0	1	0	1	0	0	0	2	0	0	0	1	0	0	0	0	0	0	0	0	3	3	3	3	3	4	0	0	0	0	0	0	0	0	0	0	0	0	0	0	0	0	0	0	0	0	0	0	0
Exp3_MAG_78	4	3	1	1	1	0	0	0	0	1	1	0	0	0	0	0	0	0	2	1	0	0	0	1	2	0	3	0	0	0	0	0	1	0	0	0	1	0	0	0	0	0	0	0	0	1	0	0	0	0	0	0	0	0	0	0	0	0	0	0	0	0	2	2	2	2	2	2	0	0	0	0	0	0	0	0	0	0	0	0	0	0	0	0	0	0	0	0	0	0	1
Exp3_MAG_73	3	3	0	1	1	0	0	0	0	0	0	0	0	0	0	0	0	0	2	1	0	0	0	1	2	0	2	0	0	0	0	0	0	0	1	0	0	0	0	0	0	0	0	0	0	0	0	0	0	2	0	0	0	0	0	0	0	0	0	0	0	0	2	2	2	2	2	3	0	0	0	0	0	0	0	0	0	0	0	0	0	0	0	0	0	0	0	0	0	0	1
Exp3_MAG_283	4	1	0	0	0	0	0	0	0	1	1	0	0	0	0	0	0	0	0	1	0	0	0	1	2	0	1	0	0	0	0	0	0	0	0	0	0	0	0	0	0	0	0	0	0	1	0	0	0	1	0	0	0	1	0	0	0	0	0	0	0	0	0	0	0	0	0	0	0	0	0	0	0	0	0	0	0	0	0	0	0	0	0	0	0	0	0	0	0	0	0
Exp3_MAG_32	4	23	6	14	1	0	1	8	2	4	3	1	3	2	2	1	7	0	5	1	9	0	3	1	1	3	2	2	0	0	2	0	0	0	0	0	0	0	0	0	0	0	0	5	2	0	0	0	0	2	0	0	0	5	0	1	0	5	0	0	0	2	7	7	7	8	8	12	0	0	1	0	0	0	0	0	0	0	0	0	0	0	0	1	0	0	1	0	1	0	0
Exp3_MAG_111	5	11	1	3	0	2	4	2	0	0	2	2	0	0	0	1	2	0	6	0	4	1	2	0	0	0	3	0	0	0	0	0	1	0	0	0	0	0	0	0	0	0	0	2	1	0	0	0	0	1	0	0	0	2	0	0	0	1	0	0	0	1	2	2	2	2	2	3	0	0	0	0	0	0	0	0	0	0	0	0	0	0	0	0	0	0	0	0	1	0	0
Exp3_MAG_262	7	40	10	11	2	12	13	17	2	4	5	8	2	0	3	4	10	0	18	1	16	4	3	3	4	0	8	1	0	0	5	1	4	0	0	5	2	0	0	0	0	0	2	7	2	0	5	0	0	4	0	0	0	3	0	0	0	2	0	0	0	0	4	5	4	4	5	6	0	0	0	0	0	0	0	0	0	0	0	1	0	0	0	0	0	0	5	0	1	0	1
Exp3_MAG_93	4	19	5	13	0	6	0	3	0	2	2	2	1	1	0	1	2	0	3	1	5	2	3	2	1	0	6	0	0	0	0	0	0	0	0	2	0	0	0	0	1	0	1	0	1	0	1	0	0	1	0	0	0	1	0	1	1	6	1	1	1	3	4	4	4	4	4	5	0	0	1	0	0	0	0	0	0	0	1	0	0	0	0	0	0	0	1	0	0	0	1
Exp3_MAG_56	7	13	18	4	0	6	1	14	0	4	2	10	1	2	2	1	5	0	4	1	8	0	4	3	2	0	7	1	0	0	1	0	0	2	0	4	1	0	0	0	0	0	1	2	2	0	1	0	0	3	0	0	0	2	0	1	1	3	1	1	1	2	3	3	3	3	3	4	0	0	0	0	0	0	0	0	0	0	0	0	0	0	0	0	0	0	1	0	1	0	0
Exp3_MAG_122	5	13	9	13	0	6	1	14	0	5	3	3	0	2	0	2	2	0	2	0	5	2	2	3	1	0	4	1	0	0	1	0	1	0	0	0	0	0	0	0	0	0	1	1	2	0	2	0	0	0	0	0	0	0	0	0	0	4	0	0	0	0	2	2	2	2	2	3	0	0	0	0	0	0	0	0	0	0	0	0	0	0	0	0	0	0	0	0	1	0	0
Exp3_MAG_79	4	35	8	5	0	4	1	15	6	10	3	1	5	2	0	2	5	0	11	2	16	1	3	3	0	0	5	2	0	0	0	0	0	0	0	1	6	1	0	0	0	0	0	2	0	0	0	0	0	1	0	0	0	0	0	1	1	8	1	1	1	1	4	4	3	3	4	5	0	0	2	0	0	0	0	0	0	0	2	1	0	0	0	0	0	0	1	0	1	0	1
Exp3_MAG_90	4	17	10	13	0	5	0	4	0	4	2	3	1	0	0	0	1	0	4	0	3	0	2	4	1	0	7	1	0	0	1	0	0	0	0	2	0	0	0	0	1	0	0	2	0	0	0	0	0	1	0	0	0	0	0	3	1	7	1	1	1	1	3	3	3	5	4	4	0	0	1	0	0	0	0	0	0	0	1	1	0	0	0	0	0	0	1	0	0	0	1
Exp3_MAG_141	6	18	7	4	0	1	1	11	1	1	2	2	2	2	0	0	5	0	8	1	7	1	5	3	1	0	9	0	0	0	1	0	1	0	0	2	2	0	0	0	0	0	1	2	1	0	0	0	0	1	0	0	0	1	0	1	1	4	1	1	1	2	1	2	1	1	1	2	0	0	1	0	0	0	0	1	0	0	1	1	0	0	0	0	0	0	2	0	1	0	0
Exp3_MAG_154	5	14	7	3	0	4	0	11	0	2	2	2	2	1	0	1	1	0	4	1	7	1	2	3	1	0	3	0	1	0	2	0	1	0	0	2	2	0	0	0	0	0	1	1	3	0	0	0	0	1	0	0	0	1	0	1	0	4	0	0	0	1	3	4	3	3	3	4	0	0	1	0	2	0	0	0	0	0	1	1	0	0	0	0	0	0	1	0	0	0	0
CP010516	7	20	5	10	0	4	1	3	0	0	3	1	0	1	2	0	1	0	5	2	4	2	1	0	0	0	3	1	0	0	0	0	0	0	0	2	0	0	0	0	0	0	0	0	0	0	0	0	0	1	0	0	0	3	0	0	0	4	0	0	0	1	1	1	1	2	1	3	0	0	0	0	0	0	0	0	0	0	0	0	0	0	0	0	0	0	3	0	1	0	0
Exp3_MAG_8	5	22	4	16	0	2	1	12	7	11	2	6	0	4	0	1	3	0	7	1	10	2	5	2	0	0	9	1	0	0	2	0	0	0	0	3	4	0	0	0	1	0	1	1	1	0	2	0	0	1	0	0	0	3	0	0	0	4	0	0	0	1	3	3	3	3	4	4	0	0	0	0	0	0	0	0	0	0	0	0	0	0	0	0	0	0	1	0	0	0	0
Exp3_MAG_129	17	28	17	10	2	10	3	16	2	5	5	11	2	6	1	5	14	0	14	5	13	2	12	4	1	2	13	2	0	0	2	0	1	2	1	7	2	0	0	0	4	0	1	8	5	0	1	0	0	1	0	0	0	1	0	0	0	8	0	0	0	3	6	6	6	8	6	8	0	0	0	0	0	0	0	0	0	0	0	0	0	0	0	0	0	0	5	0	2	0	0
GCF_014634705	6	35	35	15	1	6	6	26	5	5	7	4	2	4	1	3	10	0	33	1	19	5	8	1	0	0	5	3	0	1	0	4	2	1	0	3	10	0	0	0	0	0	1	6	4	1	3	0	1	3	0	0	0	5	0	0	0	3	0	0	0	6	2	2	2	2	2	3	0	0	0	0	0	0	0	0	0	0	0	0	0	0	0	0	0	0	0	0	0	0	0
Exp3_MAG_204	3	11	2	2	1	1	1	1	0	0	2	0	0	2	0	0	2	0	5	1	2	2	3	1	1	0	1	0	0	0	0	0	0	0	0	0	1	0	0	0	0	0	0	0	1	0	0	0	0	2	0	0	0	1	0	0	0	1	0	0	0	1	1	1	1	1	1	2	0	0	0	0	0	0	0	0	0	0	0	0	0	0	0	0	0	0	0	0	0	0	0
Exp3_MAG_195	5	17	5	1	0	10	1	3	0	4	3	8	1	2	0	1	0	0	3	2	4	1	10	3	2	0	10	2	0	0	1	0	1	0	1	2	0	0	0	0	3	0	1	6	2	0	1	0	0	3	0	0	0	2	0	0	0	5	0	0	0	1	3	3	3	6	3	5	0	0	0	0	0	0	0	0	0	0	0	0	0	0	0	0	0	0	2	0	1	0	0
Exp3_MAG_162	5	42	19	22	1	12	3	16	3	8	8	13	3	2	2	1	11	0	10	1	21	4	3	1	1	2	17	3	0	0	3	2	0	1	0	6	0	0	0	0	1	0	0	15	2	0	0	0	0	3	0	0	0	7	0	0	0	6	0	0	0	1	2	2	2	5	2	3	0	0	0	0	0	0	0	0	0	0	0	2	0	0	0	0	0	0	3	0	2	0	0
Exp3_MAG_119	6	21	10	12	0	7	5	12	0	4	5	6	0	1	0	0	4	0	15	0	7	3	4	3	3	0	6	1	0	0	1	0	1	0	0	1	1	1	0	0	3	0	0	10	1	0	1	0	0	2	0	0	0	2	0	0	0	3	0	0	0	2	4	3	3	5	4	6	0	0	0	0	0	0	0	0	0	0	0	0	0	0	0	0	0	0	1	0	0	0	0
Exp3_MAG_64	5	25	10	3	0	4	0	8	0	5	2	8	2	1	0	0	0	0	3	2	7	3	5	3	3	0	4	1	0	0	1	0	0	0	0	3	0	0	0	0	0	0	0	2	1	0	1	0	0	2	0	0	0	1	0	0	0	5	0	0	0	1	1	1	1	5	1	1	0	0	0	0	0	0	0	1	0	0	0	0	0	0	0	0	0	0	0	0	1	0	0
Exp3_MAG_152	5	21	7	6	2	8	2	8	0	5	5	3	2	1	0	0	3	0	3	0	7	4	5	3	2	0	7	1	0	0	0	0	0	0	0	2	1	0	0	0	0	0	0	1	1	0	1	0	0	1	0	0	0	3	0	1	0	5	0	0	0	1	2	3	2	5	2	3	0	0	1	0	0	0	0	1	0	0	1	0	0	0	0	0	0	0	0	0	1	0	0
Exp3_MAG_147	5	16	8	2	0	6	1	8	0	4	5	6	2	0	3	1	2	0	9	0	8	1	4	4	1	0	2	0	0	0	1	0	0	0	0	6	0	0	0	0	0	0	0	0	2	0	1	0	0	2	0	0	0	3	0	0	0	5	0	0	0	1	2	2	2	3	2	3	0	0	0	0	0	0	0	0	0	0	0	0	0	0	0	0	0	0	0	0	1	0	0
Exp3_MAG_261	4	17	7	3	0	5	2	6	0	5	2	5	1	0	3	1	1	0	8	0	5	0	3	3	1	0	2	0	0	0	1	0	0	0	0	1	0	0	0	0	0	0	0	6	0	0	0	0	0	2	0	0	0	2	0	0	0	4	0	0	0	1	1	1	1	2	1	2	0	0	0	0	0	0	0	0	0	0	0	0	0	0	0	0	0	0	0	0	1	0	0
Exp3_MAG_192	3	24	10	3	0	2	0	5	0	1	0	1	1	1	0	0	0	0	1	1	4	1	1	3	2	6	10	0	0	0	0	0	0	0	0	0	0	0	0	0	0	0	0	1	1	1	0	0	0	1	0	0	0	1	0	1	1	7	1	1	1	2	6	7	6	7	8	7	0	2	8	0	0	0	0	0	0	0	6	0	0	0	0	0	0	0	1	0	1	0	0
Exp3_MAG_201	4	9	5	8	0	0	1	2	8	9	1	0	0	1	0	0	3	0	3	1	3	0	2	2	1	3	3	0	0	0	0	0	0	0	1	1	2	0	0	0	1	0	1	0	0	1	1	0	0	0	0	0	0	2	0	0	0	1	0	0	0	0	4	5	4	4	4	5	0	0	0	0	0	0	0	0	0	0	0	0	0	0	0	0	0	0	1	0	0	0	0
Exp3_MAG_234	4	18	4	12	0	5	2	2	0	5	3	7	1	1	0	0	0	0	4	1	4	2	4	1	2	0	6	1	0	0	0	0	0	0	1	3	0	0	0	0	1	0	1	3	1	0	0	0	0	1	0	0	0	1	0	1	1	9	1	1	1	2	4	4	4	5	6	4	0	0	1	0	0	0	0	0	0	0	0	0	0	0	0	1	0	0	2	0	0	0	1
Exp3_MAG_255	4	18	5	11	1	2	1	4	0	2	2	1	0	0	0	0	0	0	1	1	3	1	4	1	2	0	2	0	0	0	1	0	0	0	0	2	2	0	0	0	0	0	1	1	0	0	0	0	0	1	0	0	0	1	0	0	0	3	0	0	0	2	2	2	2	5	2	2	0	0	0	0	0	0	0	0	0	0	0	0	0	0	0	0	0	0	2	0	0	0	1
Exp3_MAG_57	5	14	6	12	0	2	1	13	0	7	5	3	1	4	1	0	4	0	11	2	7	3	2	5	2	0	3	0	0	0	0	0	0	0	0	1	0	0	0	0	0	0	1	0	1	0	2	0	0	3	0	0	0	2	0	0	0	5	0	0	0	1	2	2	2	3	2	3	0	0	0	0	0	0	0	0	0	0	0	1	0	0	0	0	0	0	4	0	1	0	1
Exp3_MAG_290	3	17	7	11	0	1	0	8	0	4	5	3	1	1	0	0	7	0	0	1	5	0	3	3	1	1	2	0	0	0	1	0	0	0	0	3	1	0	0	0	0	0	1	1	0	0	0	0	0	2	0	0	0	1	0	0	0	5	0	0	0	1	6	7	6	6	7	9	0	0	0	0	0	0	0	0	0	0	0	1	0	0	0	0	0	0	2	0	1	0	0
Exp3_MAG_271	4	13	5	11	0	0	1	4	0	2	2	0	0	1	0	0	0	0	3	1	3	1	3	0	0	1	3	0	0	0	0	0	0	0	0	2	0	0	0	0	0	0	1	0	0	0	0	0	0	2	0	0	0	0	0	0	0	6	0	0	0	4	2	3	2	2	3	3	0	0	1	0	0	0	0	0	0	0	1	1	0	0	0	0	0	0	1	0	1	0	0
Exp3_MAG_259	6	14	4	8	0	1	2	7	0	4	1	3	0	1	0	0	1	0	1	1	4	2	2	2	1	0	5	0	0	0	1	0	0	0	0	0	0	0	0	0	0	0	1	0	2	0	0	0	0	1	0	0	0	0	0	0	0	5	0	0	0	3	4	4	4	5	5	4	0	0	1	0	0	0	0	0	0	0	1	1	0	0	0	0	0	0	0	0	1	0	0
Exp3_MAG_288	1	5	3	0	0	1	0	2	0	1	0	0	1	0	0	0	0	0	0	0	1	0	0	1	1	0	0	0	0	0	0	0	0	0	0	0	0	0	0	0	0	0	0	0	2	0	0	0	0	2	0	0	0	0	0	0	0	4	0	0	0	1	2	2	2	2	2	2	0	0	0	0	0	0	0	0	0	0	0	0	0	0	0	0	0	0	0	0	0	0	0
Exp3_MAG_256	3	14	8	12	0	6	1	12	0	3	3	12	1	2	0	0	0	0	2	2	6	1	4	3	0	0	4	0	0	0	2	1	1	0	3	1	0	0	0	0	0	0	1	1	1	0	2	0	0	1	0	0	0	2	0	1	1	5	1	1	1	1	4	3	3	8	3	4	0	0	0	0	0	0	0	0	0	0	0	0	0	0	0	0	0	0	2	0	1	0	1
Exp3_MAG_231	6	20	7	12	1	4	1	7	0	0	4	1	0	1	0	0	2	0	3	1	7	0	4	2	1	1	7	1	0	0	1	0	0	0	1	4	0	0	0	0	0	0	1	0	0	0	0	0	0	2	0	0	0	1	0	0	0	6	0	0	0	1	3	5	3	3	3	4	0	0	1	0	0	0	0	0	0	0	1	1	0	0	0	0	0	0	0	0	2	0	0
Exp3_MAG_59	6	16	7	10	0	2	0	4	0	2	4	2	0	3	1	0	2	0	2	0	5	1	6	4	1	1	8	0	0	0	1	0	0	0	1	1	0	0	0	0	1	0	1	0	2	0	1	0	0	1	0	0	0	0	0	2	1	7	1	1	1	1	3	4	2	4	2	3	0	0	1	0	0	0	0	0	0	0	1	1	0	0	0	0	0	0	2	0	2	0	0
Exp3_MAG_269	3	11	3	10	0	0	0	6	0	4	2	6	0	0	0	0	0	0	2	1	5	2	3	2	0	2	6	0	0	0	1	0	0	0	1	2	0	0	0	0	0	0	1	0	0	0	1	0	0	0	0	0	0	1	0	0	0	3	0	0	0	0	3	5	3	6	3	3	0	0	0	0	0	0	0	0	0	0	0	2	0	0	0	0	0	0	1	0	0	0	1
Exp3_MAG_157	3	20	4	12	0	2	0	5	0	2	3	3	1	2	0	0	5	1	3	1	4	2	1	3	2	0	3	1	0	0	0	0	0	0	1	2	0	0	0	0	0	0	0	1	1	0	0	0	0	2	0	0	0	0	0	1	1	4	1	1	1	1	1	1	1	1	6	2	0	0	1	0	0	0	0	0	0	0	1	0	0	0	0	0	0	0	1	0	0	0	0
Exp3_MAG_105	5	17	2	12	0	4	2	2	0	7	3	6	0	2	2	0	1	0	8	1	4	0	4	2	1	0	4	1	0	0	0	0	1	0	1	1	2	0	0	0	3	0	0	3	2	0	1	0	0	1	0	0	0	0	0	1	1	6	1	1	1	1	2	3	2	4	9	3	0	0	1	0	0	0	0	0	0	0	0	1	0	0	0	1	0	0	0	0	1	0	1
Exp3_MAG_148	4	19	4	11	2	5	1	3	0	3	5	3	0	1	0	0	5	0	7	1	4	1	2	4	1	0	2	1	0	1	4	0	1	0	0	4	0	0	0	0	0	0	0	3	1	0	1	0	0	1	0	0	0	3	0	1	1	3	1	1	1	2	2	3	2	2	2	2	0	0	0	0	0	0	0	0	0	0	0	1	0	0	0	0	0	0	0	0	0	0	0
Exp3_MAG_136	4	14	7	1	0	2	1	9	1	3	4	2	2	1	0	0	5	0	4	1	4	4	4	2	0	0	5	0	0	0	1	0	1	0	0	3	1	0	0	0	1	0	1	2	0	1	0	0	0	2	0	0	0	2	0	2	1	6	1	1	1	1	3	3	3	5	3	4	0	0	1	0	1	0	0	0	0	0	1	1	0	0	0	0	0	0	2	0	1	0	0
Exp3_MAG_104	4	24	10	14	0	5	1	13	0	3	4	1	1	1	2	0	6	0	9	1	8	2	2	2	2	0	4	1	0	0	3	0	0	0	1	2	0	0	0	0	0	0	1	6	3	0	0	0	0	2	0	0	0	3	0	0	0	4	0	0	0	3	5	6	5	6	5	6	0	0	0	0	0	0	0	0	0	0	0	1	0	0	0	0	0	0	2	0	1	0	0
Exp3_MAG_252	6	24	11	10	0	6	0	14	0	1	3	4	2	0	2	0	5	0	8	1	4	2	3	2	0	0	5	2	0	0	2	0	0	0	0	3	1	0	0	0	0	0	1	4	1	0	1	0	0	2	0	0	0	3	0	0	0	5	0	0	0	3	4	5	4	7	4	5	0	0	0	0	0	0	0	0	0	0	0	0	0	0	0	0	0	0	1	0	1	0	0
Exp3_MAG_166	4	3	3	1	0	1	1	2	4	5	0	0	1	1	0	0	0	0	1	1	1	1	2	1	1	2	2	1	0	0	0	0	0	0	1	0	2	0	0	0	1	0	0	0	1	0	0	0	0	1	0	0	0	0	0	0	0	6	0	0	0	1	3	4	3	3	3	3	0	0	0	0	0	0	0	0	0	0	0	0	0	0	0	0	0	0	1	0	1	0	0
Exp3_MAG_112	1	7	0	4	0	0	0	0	0	2	0	1	2	1	0	2	2	1	1	2	3	6	0	3	0	0	0	0	0	0	0	0	0	0	0	0	0	0	0	0	0	0	0	0	0	0	0	0	0	0	0	0	0	1	0	0	0	0	0	0	0	1	3	1	1	2	1	2	0	0	0	0	0	0	0	0	0	0	0	0	0	0	0	0	0	0	0	0	0	0	0
Exp3_MAG_230	0	4	0	0	0	0	0	0	0	1	0	1	1	1	0	0	0	0	0	3	1	2	0	1	0	0	1	0	0	0	0	0	0	0	0	0	0	0	0	0	0	0	0	0	0	0	0	0	0	0	0	0	0	0	0	0	0	0	0	0	0	0	2	1	1	3	2	2	0	0	0	0	0	0	0	0	0	0	0	0	0	0	0	0	0	0	0	0	0	0	0
Exp3_MAG_124	0	2	0	2	0	0	0	0	0	0	0	0	0	1	0	1	1	0	0	0	3	2	0	1	1	0	1	0	0	0	0	0	0	0	0	0	0	0	0	0	0	0	0	0	0	0	0	0	0	0	0	0	0	0	0	0	0	0	0	0	0	1	5	4	4	5	6	4	0	0	0	0	0	0	0	1	0	0	0	0	0	0	0	0	0	0	0	0	0	0	0
Exp3_MAG_70	0	1	0	2	0	0	0	0	0	1	0	0	1	1	0	0	1	0	0	0	0	0	0	1	0	0	0	0	0	0	0	0	0	0	0	0	0	0	0	0	0	0	0	0	0	0	0	0	0	1	0	0	0	0	0	0	0	0	0	0	0	0	3	3	3	9	4	4	0	0	0	0	0	0	0	1	0	0	0	0	0	0	0	0	0	0	0	0	0	0	0
Exp3_MAG_125	0	2	0	2	0	0	0	0	0	0	0	0	1	0	0	1	1	0	0	0	2	0	0	0	0	0	0	0	0	0	1	0	0	0	0	0	0	0	0	0	0	0	0	0	0	0	0	0	0	0	0	0	0	0	0	0	0	0	0	0	0	0	0	0	0	0	0	0	0	0	0	0	0	0	0	1	0	0	0	0	0	0	0	0	0	0	0	0	0	0	0
Exp3_MAG_127	0	0	0	0	0	0	0	0	0	0	0	0	0	0	0	0	0	0	0	0	0	0	0	0	0	0	0	0	0	0	0	0	0	0	0	0	0	0	0	0	0	0	0	0	0	0	0	0	0	0	0	0	0	0	0	0	0	0	0	0	0	0	0	0	0	0	0	0	0	0	0	0	0	0	0	0	0	0	0	0	0	0	0	0	0	0	0	0	0	0	0
Exp3_MAG_206	0	3	0	4	0	0	0	0	0	0	0	0	0	0	0	0	0	0	0	3	1	0	0	0	0	0	0	0	0	0	1	0	0	0	0	2	0	0	0	0	0	0	0	0	0	0	0	0	0	0	0	0	0	0	0	0	0	0	0	0	0	0	1	1	1	1	4	1	0	0	0	0	0	0	0	1	0	0	0	0	0	0	0	0	0	0	0	0	0	0	0
Exp3_MAG_187	0	5	0	5	0	0	0	0	0	0	0	0	0	0	0	0	0	0	0	0	1	2	0	0	0	0	3	0	0	0	0	0	0	0	0	2	0	0	0	0	0	0	0	0	0	0	0	0	0	0	0	0	0	0	0	0	0	0	0	0	0	1	3	3	3	3	4	3	0	0	0	0	0	0	0	0	0	0	0	0	0	0	0	0	0	0	0	0	0	0	0
L3_medaka	0	3	0	0	0	0	0	0	1	4	0	0	0	3	0	0	0	0	0	0	4	0	2	3	0	0	0	0	0	0	1	0	0	0	0	1	1	0	0	0	0	0	0	0	0	0	0	0	0	0	0	0	0	0	0	0	0	0	0	0	0	0	0	0	0	1	0	1	0	0	0	0	0	0	1	0	0	0	0	0	0	0	0	0	0	0	1	0	0	0	0
GCF_041920375	1	34	1	15	0	0	0	0	2	2	1	0	0	4	0	0	2	1	4	0	2	3	0	4	1	0	2	1	0	0	1	1	0	0	0	1	2	0	0	0	0	0	0	6	1	0	0	0	0	0	0	0	0	0	0	0	0	0	0	0	0	0	0	0	0	1	0	1	0	0	1	0	0	0	0	0	0	0	0	1	0	0	0	1	0	0	0	0	0	0	0
GCF_041920455	1	22	1	5	0	0	0	0	1	0	0	0	0	1	0	0	0	0	2	0	3	3	1	2	0	0	3	0	0	0	0	0	0	0	0	1	0	0	0	0	0	0	0	1	1	0	0	0	0	0	0	0	0	0	0	0	0	0	0	0	0	1	0	0	0	0	4	1	0	0	0	0	0	0	0	0	0	0	0	0	0	0	0	0	0	0	1	0	0	0	0
L4_medaka	1	4	0	0	0	0	0	1	1	2	0	0	0	5	0	0	1	0	0	0	1	0	1	4	1	0	1	1	0	0	1	0	0	0	0	2	1	0	0	0	0	0	0	1	0	0	0	0	0	1	0	1	0	0	0	0	0	0	0	0	0	1	1	0	0	0	2	1	0	0	0	0	0	0	0	0	0	0	0	0	0	0	0	0	0	0	0	0	0	0	1
GCF_041920365	0	12	1	4	0	1	1	0	1	0	0	0	0	1	0	0	0	0	1	0	1	3	0	3	0	0	1	1	0	0	0	0	0	0	0	2	2	0	0	0	0	0	0	1	0	0	0	0	0	0	0	0	0	0	0	0	0	0	0	0	0	1	1	1	1	1	3	2	0	0	0	0	0	0	0	0	0	0	0	0	0	0	0	0	0	0	0	0	0	0	0
GCF_041920485	1	23	3	4	0	0	0	0	1	4	0	1	0	1	0	1	0	0	2	0	2	1	2	3	0	0	3	0	0	0	0	1	0	0	0	2	0	0	0	0	0	0	0	0	0	0	0	0	0	0	0	0	0	0	0	0	0	0	0	0	0	0	1	1	1	1	4	2	0	0	0	0	0	0	0	0	0	0	0	0	0	0	0	0	0	0	0	0	0	0	0
GCF_041920355	1	23	3	14	0	0	0	0	0	5	0	0	0	4	0	0	4	0	3	0	3	2	1	4	0	0	3	1	0	0	0	0	0	0	0	1	0	0	0	0	0	0	0	3	0	0	0	0	0	0	0	0	0	0	0	0	0	0	0	0	0	1	1	1	1	2	3	2	0	0	0	0	0	0	0	0	0	0	0	0	0	0	0	0	0	0	0	0	0	0	0
g_65_medaka	11	16	10	17	0	1	1	4	0	2	1	0	0	1	0	0	0	1	0	2	1	4	2	5	2	0	7	0	0	0	1	1	0	2	0	1	1	0	0	0	0	0	0	3	0	0	0	0	0	0	0	0	0	0	0	0	0	0	0	0	0	1	1	1	1	2	3	1	0	0	0	0	0	0	0	0	0	0	0	0	0	0	0	0	0	0	1	0	0	0	0
g_66_medaka	11	12	11	15	0	1	1	5	1	3	1	0	0	2	0	2	1	0	2	2	6	0	1	9	2	0	12	0	0	0	2	1	0	2	0	3	1	0	0	0	0	0	0	3	0	0	0	0	0	0	0	0	0	1	0	0	0	0	0	0	0	2	4	4	4	6	7	5	0	0	0	0	0	0	0	1	0	0	0	1	0	0	0	0	0	0	1	0	0	0	0
GCF_041920425	0	17	1	12	0	1	0	1	0	0	0	0	1	0	0	0	0	1	3	0	3	0	0	3	0	0	0	0	0	0	0	0	0	0	0	0	0	0	0	0	0	0	0	0	2	0	0	0	0	2	1	0	0	1	0	0	0	0	0	0	0	1	0	0	0	0	5	1	0	0	0	0	0	0	0	0	0	0	0	0	0	0	0	0	0	0	0	0	0	0	0
Exp3_MAG_77	1	3	1	3	0	0	0	0	0	1	0	1	0	0	0	1	1	0	1	1	5	0	1	1	1	0	1	0	0	0	0	0	0	0	0	2	0	0	0	0	0	0	0	0	0	0	0	0	0	1	0	0	0	0	0	0	0	0	0	0	0	1	1	1	1	1	4	2	0	0	0	0	0	0	0	0	0	0	0	0	0	0	0	0	0	0	0	0	0	0	0
Exp3_MAG_10	1	1	1	0	0	0	0	1	0	0	0	0	0	1	0	0	0	0	0	0	2	0	0	1	0	0	2	1	0	0	0	0	1	0	0	0	1	0	0	0	0	0	0	1	0	0	0	0	0	0	0	0	0	0	0	0	0	0	0	0	0	0	0	0	0	0	0	1	0	0	0	0	0	0	0	0	0	0	0	0	0	0	0	0	0	0	0	0	0	0	1
Exp3_MAG_22	2	3	1	0	0	0	0	1	1	2	0	0	0	1	0	1	0	0	0	1	1	2	0	1	0	0	1	0	0	0	0	0	0	0	0	0	0	0	0	0	0	0	0	0	1	0	0	0	0	0	0	0	0	0	0	0	0	0	0	0	0	0	0	0	0	0	4	1	0	0	0	0	0	0	0	0	0	0	0	0	0	0	0	0	0	0	0	0	0	0	0
Exp3_MAG_67	0	3	1	0	0	0	0	2	0	0	0	0	0	0	0	0	0	0	0	0	0	1	0	0	0	0	0	0	0	0	0	0	0	0	0	0	0	0	0	0	0	0	0	1	0	0	0	0	0	0	0	0	0	0	0	0	0	0	0	0	0	0	0	0	0	0	0	1	0	0	0	0	0	0	0	0	0	0	0	0	0	0	0	0	0	0	0	0	0	0	0
Exp3_MAG_63	0	0	0	0	0	0	0	0	0	0	0	0	0	0	0	0	0	0	0	0	1	0	0	0	0	0	0	0	0	0	0	0	0	0	0	0	0	0	0	0	0	0	0	0	0	0	0	0	0	0	0	0	0	0	0	0	0	0	0	0	0	0	0	0	0	0	0	0	0	0	0	0	0	0	0	0	0	0	0	0	0	0	0	0	0	0	0	0	0	0	0
Exp3_MAG_208	1	4	1	0	0	0	0	1	0	1	0	0	0	0	0	0	1	0	0	1	3	0	2	2	1	0	2	0	0	0	0	0	0	0	0	0	0	0	0	0	0	0	0	0	0	0	0	0	0	0	0	0	0	2	0	0	0	0	0	0	0	0	0	0	0	0	2	1	0	0	0	0	0	0	0	0	0	0	0	0	0	0	0	0	0	0	0	0	0	0	0
Exp3_MAG_280	2	6	0	0	0	2	1	1	0	1	0	0	1	0	0	0	1	0	0	1	2	0	1	1	1	0	2	0	0	1	1	0	0	0	0	0	0	0	0	0	1	0	0	0	0	0	0	0	0	0	0	0	0	2	0	0	0	0	0	0	0	0	0	0	0	0	1	0	0	0	0	0	0	0	0	0	0	0	0	0	0	0	0	0	0	0	1	0	0	0	0
Exp3_MAG_46	0	17	2	10	0	0	0	1	0	2	0	0	0	0	0	2	0	0	2	0	23	0	4	2	0	7	15	0	0	0	2	0	0	0	1	1	0	0	0	0	0	0	0	3	1	0	0	0	0	1	0	2	0	11	0	0	0	0	0	0	0	1	5	5	5	5	8	5	0	0	0	0	0	0	0	0	0	0	0	2	0	0	0	0	0	0	1	0	0	0	0
Exp3_MAG_151	0	25	3	5	0	0	2	0	0	8	0	0	0	0	0	5	6	0	1	0	33	0	1	2	0	12	18	1	0	0	4	0	0	0	0	0	0	0	0	0	0	0	0	0	0	0	1	0	0	0	1	1	0	3	0	0	0	1	0	0	0	0	4	4	4	6	4	6	0	0	0	0	0	0	0	0	0	0	0	2	0	0	0	0	0	0	3	0	1	0	0
Exp3_MAG_165	0	25	2	9	0	0	2	0	0	6	0	0	0	1	0	1	1	0	2	0	31	1	3	3	0	3	14	1	0	0	2	0	0	0	1	0	1	1	0	0	0	0	0	0	0	0	1	0	0	0	0	1	0	2	0	0	0	0	0	0	0	0	4	4	4	6	5	5	0	0	0	0	0	0	0	0	0	0	0	2	0	0	0	0	0	0	5	0	0	0	0
Exp3_MAG_185	0	5	2	0	0	0	0	0	1	0	0	0	0	0	0	2	2	0	1	0	1	2	0	1	0	0	1	0	0	0	0	0	0	0	0	1	0	0	0	0	0	0	0	0	0	0	0	0	0	0	0	1	0	1	0	0	0	0	0	0	0	0	0	0	0	1	1	1	0	0	0	0	0	0	0	0	0	0	0	0	0	0	0	0	0	0	0	0	0	0	0
Exp3_MAG_226	0	15	2	3	0	0	1	2	4	3	0	0	0	0	0	0	0	0	4	0	2	2	0	1	2	0	6	0	0	0	1	2	0	0	1	0	0	0	0	0	0	0	0	2	1	0	3	0	0	0	0	0	0	4	0	0	0	0	0	0	0	0	0	0	0	0	1	0	0	0	0	0	0	0	0	0	0	0	0	0	0	0	0	0	0	0	0	0	0	0	0
Exp3_MAG_39	0	14	5	7	0	0	1	12	10	10	0	0	0	3	1	0	4	0	7	0	8	3	2	1	0	6	9	0	0	9	5	0	0	1	0	2	3	0	0	0	0	0	0	5	1	2	3	0	0	0	0	0	0	3	0	0	0	1	0	0	0	2	2	2	2	4	5	2	0	0	1	0	0	0	0	0	0	0	0	0	0	0	0	1	0	0	0	0	0	0	0
GCF_002189495	1	5	8	10	0	2	0	11	1	4	2	2	0	2	0	2	1	0	2	0	13	5	2	2	0	0	8	1	0	0	2	0	0	0	0	1	0	0	0	0	0	0	0	7	2	0	2	0	0	1	0	0	0	1	0	0	0	0	0	0	0	1	0	0	0	0	2	1	0	0	0	0	0	0	0	0	0	0	0	0	0	0	0	0	0	0	0	0	0	0	0
GCF_020886775	0	15	8	10	0	1	0	11	2	10	2	4	0	0	2	2	6	0	2	0	11	1	4	1	0	3	10	2	0	0	2	2	0	0	0	6	0	0	0	1	0	0	0	5	2	0	1	0	0	0	0	1	0	2	0	0	0	0	0	0	0	1	1	1	1	1	3	3	0	0	0	0	0	0	0	0	0	0	0	0	0	0	0	0	0	0	1	0	0	0	0
GROW_128_consensus	1	10	2	12	0	0	0	1	0	2	1	0	0	2	0	0	1	0	0	0	3	1	1	2	0	0	7	0	0	0	2	1	0	0	0	0	0	0	0	0	0	0	0	4	0	0	0	0	0	0	0	0	0	0	0	0	0	0	0	0	0	1	0	0	0	2	0	1	0	0	0	0	0	0	0	0	0	0	0	0	1	0	0	0	0	0	3	0	0	0	0
Exp3_MAG_218	0	6	1	3	0	0	0	3	0	1	0	3	0	3	0	1	0	0	2	0	4	1	0	1	0	0	4	0	0	0	1	0	0	0	1	0	0	0	0	0	0	0	0	2	1	0	1	0	0	0	0	0	0	0	0	0	0	0	0	0	0	2	0	0	0	0	0	0	0	0	0	0	0	0	0	0	0	0	0	0	0	0	0	0	0	0	1	0	0	0	0
Exp3_MAG_169	0	9	8	10	0	0	0	15	2	3	0	2	0	2	0	0	0	0	5	0	5	3	0	1	0	0	5	1	0	0	2	0	0	0	0	0	0	0	0	0	0	0	0	0	1	0	0	0	0	0	0	0	0	1	0	0	0	0	0	0	0	1	0	0	0	1	1	1	0	0	0	0	0	0	0	0	0	0	0	0	0	0	0	0	0	0	0	0	0	0	0
Exp3_MAG_212	0	4	1	5	0	0	0	0	1	0	0	0	0	0	0	0	0	0	1	0	1	0	0	1	0	0	0	1	0	0	0	0	0	0	0	0	2	0	0	0	0	0	0	0	0	0	0	0	0	0	0	0	0	0	0	0	0	0	0	0	0	0	1	1	1	3	1	2	0	0	0	0	0	0	0	0	0	0	0	0	0	0	0	0	0	0	0	0	0	0	0
Exp3_MAG_158	0	3	0	0	0	0	0	0	0	0	0	0	0	0	0	0	0	0	0	0	1	0	0	1	0	0	0	0	0	0	0	0	0	0	0	0	0	0	0	0	0	0	0	0	0	0	0	0	0	0	0	0	0	0	0	0	0	0	0	0	0	0	0	0	0	0	0	1	0	0	0	0	0	0	0	0	0	0	0	0	0	0	0	0	0	0	0	0	0	0	0
Exp3_MAG_143	0	6	1	2	0	0	0	0	1	1	0	0	0	0	0	0	0	0	1	0	0	0	0	1	0	0	3	0	0	0	0	0	0	0	0	3	0	0	0	0	0	0	0	0	0	0	1	0	0	0	0	0	0	0	0	0	0	0	0	0	0	0	1	1	1	2	2	2	0	0	0	0	0	0	0	0	0	0	0	0	0	0	0	0	0	0	0	0	0	0	0
Exp3_MAG_289	0	2	2	0	0	0	0	0	2	0	0	0	0	0	0	0	1	0	0	0	0	0	0	0	0	0	3	0	0	0	0	0	0	0	0	1	0	0	0	0	0	0	0	0	0	0	0	0	0	1	0	0	0	0	0	0	0	0	0	0	0	1	1	1	1	1	1	2	0	0	0	0	0	0	0	0	0	0	0	0	0	0	0	0	0	0	0	0	0	0	0
Exp3_MAG_200	0	4	2	0	0	0	0	0	0	0	0	0	0	0	0	0	0	0	1	0	0	0	0	1	0	0	4	1	0	0	0	1	0	0	0	1	0	0	0	0	0	0	0	1	0	0	0	0	0	0	0	0	0	0	0	0	0	0	0	0	0	0	1	1	1	1	1	2	0	0	0	0	0	0	0	0	0	0	0	0	0	0	0	0	0	0	0	0	0	0	0
Exp3_MAG_244	0	19	6	10	1	1	1	7	1	10	0	3	0	3	2	1	0	0	4	1	16	2	6	1	0	3	12	1	0	0	1	1	0	0	1	2	3	0	0	0	1	0	0	1	2	0	4	0	1	0	0	0	1	3	0	0	0	2	0	0	0	2	0	0	0	5	18	1	0	1	3	0	4	0	0	0	0	0	0	0	0	0	0	2	0	0	1	0	0	0	1
GCF_000470885	4	73	20	12	0	1	4	18	9	16	1	8	1	3	1	4	10	0	7	0	39	5	5	3	0	16	28	0	0	0	0	2	0	3	1	5	11	0	0	2	1	0	0	4	7	2	6	2	1	0	1	2	0	6	0	0	0	0	0	0	0	1	7	7	7	10	7	9	0	0	0	0	0	0	0	0	0	0	0	0	0	0	0	0	0	0	10	0	0	0	0
GCF_000736435	5	84	24	25	0	1	14	23	6	19	2	13	0	16	5	6	8	0	22	0	51	8	12	5	0	22	36	6	0	0	2	1	0	3	0	3	10	0	0	3	0	0	0	4	7	1	9	0	0	0	1	1	0	8	0	0	0	0	0	0	0	2	9	9	9	15	10	11	0	0	0	0	0	0	0	0	0	0	0	0	0	0	0	0	0	0	16	0	0	0	0
Exp3_MAG_43	1	22	2	5	0	0	1	2	3	6	0	0	0	0	0	4	3	0	3	0	28	0	0	1	1	7	16	1	0	0	3	1	0	0	0	1	2	0	0	0	0	0	0	0	2	0	1	0	0	0	0	0	0	1	0	0	0	0	0	0	0	0	2	2	2	2	2	2	0	0	0	0	0	0	0	0	0	0	0	0	1	0	0	0	0	0	2	0	0	0	0
Exp3_MAG_66	3	14	2	12	0	1	0	0	2	1	0	0	1	0	0	0	0	0	1	1	0	0	1	1	0	0	4	1	0	0	1	0	0	0	0	2	0	0	0	0	0	0	0	0	0	0	0	0	0	0	0	0	0	1	0	0	0	0	0	0	0	0	2	3	2	2	3	3	0	0	0	0	0	0	0	0	0	0	0	0	0	0	0	0	0	0	0	0	0	0	1
Exp3_MAG_197	1	13	3	9	0	0	0	1	3	2	0	0	0	0	0	0	0	1	1	1	2	1	0	1	0	0	2	0	0	0	1	0	0	1	0	1	2	0	0	0	0	0	0	3	0	0	0	0	1	0	0	0	0	0	0	0	0	0	0	0	0	2	1	1	1	2	4	2	0	0	0	0	0	0	0	0	0	0	0	0	0	0	0	0	0	0	0	0	0	0	0
