DATASET_HEATMAP
SEPARATOR TAB
DATASET_LABEL	gene_counts_besthit__Alkanes
COLOR	#2166ac
FIELD_LABELS	BVMO	CHMO	CYP153	CYP450	ahpC	ahpF	alkB	alkH_ald	alkJ_adh	alkL	alkMa	alkMb	alkN_mcp	alkS	almA	blc	bmoX	bmoY	bmoZ	chnA	chnB	chnC	chnD	chnE	ladA	mmoB	mmoC	mmoX	mmoY	mmoZ	pmoA1	prmA	prmB	prmC	prmD	rdx	rdxR	ssuD
COLOR_MIN	#f7fbff
COLOR_MAX	#08306b
COLOR_NAN	#d9d9d9
AUTO_LEGEND	1
SHOW_INTERNAL	0
SHOW_LABELS	1
LABEL_ROTATION	90
STRIP_WIDTH	18
MARGIN	20
BORDER_WIDTH	0
USER_MIN_VALUE	1
USER_MAX_VALUE	24
DATA
AP042450	0	0	0	0	0	1	0	0	0	0	0	0	0	0	0	0	0	0	0	0	0	0	0	0	0	0	0	0	0	0	0	0	0	0	0	0	0	0
CP010516	0	0	0	0	0	0	0	0	1	0	0	0	0	0	0	0	0	0	0	1	0	0	0	1	1	0	0	0	0	0	0	0	0	0	0	0	0	0
CP010517	0	0	0	0	0	0	0	0	0	0	0	0	0	0	0	1	0	0	0	1	0	0	0	3	0	0	0	0	0	0	0	0	0	0	0	0	1	2
CP063454	0	0	0	0	2	2	0	1	2	0	0	0	13	0	0	2	0	0	0	2	0	0	1	2	3	0	0	0	0	0	0	0	0	0	0	1	1	1
CP063455	2	0	0	0	1	3	1	1	4	0	0	0	22	0	0	1	0	0	0	0	0	0	0	1	2	0	0	0	0	0	0	0	0	0	0	1	1	2
Exp3_MAG_1	2	0	0	3	0	0	0	1	0	0	0	0	0	0	1	0	0	0	0	0	0	0	0	1	3	0	0	0	0	0	0	0	0	0	0	0	1	1
Exp3_MAG_10	0	0	0	0	0	1	0	0	0	0	0	0	0	0	0	0	0	0	0	2	0	0	0	0	0	0	0	0	0	0	0	0	0	0	0	0	0	0
Exp3_MAG_100	0	0	0	0	0	0	1	0	0	0	0	0	0	0	0	0	0	0	0	0	0	0	0	0	0	0	0	0	0	0	0	0	0	0	0	0	0	0
Exp3_MAG_101	0	0	0	0	1	1	0	0	0	0	0	0	0	0	0	0	0	0	0	2	0	0	0	0	0	0	0	0	0	0	0	0	0	0	0	0	1	0
Exp3_MAG_102	0	0	0	1	1	1	0	1	1	0	0	0	0	0	1	0	0	0	0	0	0	0	0	0	0	0	0	0	0	0	0	0	0	0	0	0	0	1
Exp3_MAG_103	0	0	0	0	1	1	5	2	0	0	0	1	1	0	1	0	0	0	0	1	0	0	0	0	0	0	0	0	0	0	2	0	1	0	0	0	0	0
Exp3_MAG_104	0	0	0	0	0	2	0	0	2	1	0	0	1	0	0	0	0	0	0	1	0	0	0	2	0	0	0	0	0	0	0	0	0	0	0	0	1	0
Exp3_MAG_105	0	0	0	0	0	2	0	0	2	0	0	0	1	0	0	0	0	0	0	1	0	0	1	2	0	0	0	0	0	0	0	0	0	0	0	0	0	2
Exp3_MAG_106	0	0	0	0	0	1	0	0	0	0	0	0	0	0	0	0	0	0	0	1	0	0	0	0	0	0	0	0	0	0	0	0	0	0	0	0	0	0
Exp3_MAG_107	1	0	0	1	0	1	0	0	0	0	0	0	0	0	1	0	0	0	0	0	0	0	0	1	0	0	0	0	0	0	0	0	0	0	0	0	0	0
Exp3_MAG_108	0	0	0	0	1	0	0	0	0	0	0	0	0	0	0	0	0	0	0	0	0	0	0	0	0	0	0	0	0	0	0	0	0	0	0	0	1	0
Exp3_MAG_109	0	0	0	0	1	0	0	0	0	0	0	0	0	0	0	0	0	0	0	0	0	0	0	0	0	0	0	0	0	0	0	0	0	0	0	0	1	1
Exp3_MAG_11	0	0	0	0	1	0	0	0	0	0	0	0	0	0	0	0	0	0	0	0	0	0	0	0	0	0	0	0	0	0	0	0	0	0	0	0	0	0
Exp3_MAG_110	0	0	0	1	0	1	0	0	2	0	0	0	0	0	1	0	0	0	0	0	0	0	2	2	1	0	0	0	0	0	0	1	1	1	0	0	0	1
Exp3_MAG_111	0	0	0	0	0	0	0	0	2	0	0	0	0	0	0	0	0	0	0	1	0	0	0	0	0	0	0	0	0	0	0	0	0	0	0	0	2	0
Exp3_MAG_112	0	0	0	0	1	2	0	0	0	0	0	0	0	0	0	0	0	0	0	0	0	0	0	0	0	0	0	0	0	0	0	0	0	0	0	0	0	0
Exp3_MAG_113	1	0	0	0	0	1	1	0	1	0	0	0	1	0	0	0	0	0	0	0	0	0	0	1	0	0	0	0	0	0	0	0	0	0	0	0	0	0
Exp3_MAG_114	0	0	0	0	2	2	0	0	0	0	0	0	1	0	0	0	0	0	0	1	0	0	0	1	0	0	0	0	0	0	0	0	0	0	0	0	0	0
Exp3_MAG_115	0	0	0	0	0	1	0	0	0	0	0	0	0	0	0	0	0	0	0	0	0	0	0	0	0	0	0	0	0	0	0	0	0	0	0	0	1	0
Exp3_MAG_116	0	0	0	0	1	2	0	0	0	0	0	0	0	0	0	0	0	0	0	0	0	0	0	0	0	0	0	0	0	0	0	0	0	0	0	0	0	0
Exp3_MAG_117	0	0	0	0	1	3	0	0	0	0	0	0	0	0	0	0	0	0	0	0	0	0	1	0	0	0	0	0	0	0	0	0	0	0	0	0	0	0
Exp3_MAG_119	0	0	0	0	1	2	0	1	1	0	0	0	1	0	0	2	0	0	0	1	0	0	1	2	2	0	0	0	0	0	0	0	0	0	0	0	0	2
Exp3_MAG_12	0	0	0	0	0	1	0	1	0	0	0	0	0	0	0	0	0	0	0	1	0	0	0	0	0	0	0	0	0	0	0	0	0	0	0	0	0	0
Exp3_MAG_120	0	0	0	0	0	1	0	1	0	0	0	0	0	0	0	0	0	0	0	0	0	0	0	0	0	0	0	0	0	0	0	0	0	0	0	0	0	0
Exp3_MAG_121	2	0	1	3	1	2	0	1	4	1	0	0	0	0	2	0	0	0	0	0	1	0	2	3	3	0	0	0	0	0	0	0	0	0	0	0	0	3
Exp3_MAG_122	0	0	0	0	1	2	0	1	1	0	0	0	0	0	0	1	0	0	0	1	0	0	0	2	1	0	0	0	0	0	0	0	0	0	0	0	0	0
Exp3_MAG_123	15	0	1	6	0	1	1	1	2	0	0	0	0	0	2	1	0	0	0	1	0	0	0	1	3	0	0	0	0	0	0	0	0	0	0	0	0	2
Exp3_MAG_124	0	0	0	0	0	1	0	0	0	0	0	0	1	0	0	0	0	0	0	0	0	0	0	0	0	0	0	0	0	0	0	0	0	0	0	0	1	0
Exp3_MAG_126	0	0	0	0	0	1	0	1	0	0	0	0	0	0	0	1	0	0	0	0	0	0	0	0	0	0	0	0	0	0	0	0	0	0	0	0	0	0
Exp3_MAG_128	0	0	0	0	1	1	0	0	0	0	0	0	0	0	0	0	0	0	0	0	0	0	1	2	0	0	0	0	0	0	0	0	0	0	0	0	0	0
Exp3_MAG_129	2	0	0	0	1	3	1	2	5	0	0	0	0	0	0	1	0	0	0	1	0	0	1	4	5	0	0	0	0	0	0	0	0	0	0	0	1	5
Exp3_MAG_13	0	0	0	1	1	2	0	3	3	0	0	0	0	0	1	0	0	0	0	0	0	0	0	2	3	0	0	0	0	0	0	0	0	0	0	0	1	3
Exp3_MAG_130	1	0	0	0	0	1	0	0	3	0	0	0	1	0	0	0	0	0	0	1	1	0	1	0	2	0	0	0	0	0	0	0	0	0	0	0	0	1
Exp3_MAG_131	2	0	0	1	1	2	0	3	4	0	0	0	1	0	1	0	0	0	0	0	0	0	0	1	0	0	0	0	0	0	0	0	0	0	0	0	0	0
Exp3_MAG_132	1	0	0	1	0	1	0	1	2	0	0	0	0	0	0	0	0	0	0	1	0	0	0	2	0	0	0	0	0	0	0	0	0	0	0	0	1	0
Exp3_MAG_133	0	0	0	0	1	2	0	1	0	0	0	0	0	0	0	1	0	0	0	1	0	0	0	0	0	0	0	0	0	0	0	0	1	0	0	0	1	0
Exp3_MAG_134	0	0	0	0	1	1	0	0	0	0	0	0	0	0	0	1	0	0	0	1	0	0	0	1	0	0	0	0	0	0	0	0	0	0	0	0	1	0
Exp3_MAG_135	0	0	0	0	1	1	0	0	0	0	0	0	0	0	0	0	0	0	0	4	0	0	1	0	0	0	0	0	0	0	0	0	0	0	0	0	1	0
Exp3_MAG_136	0	0	0	0	1	1	0	1	1	0	0	0	0	0	0	0	0	0	0	1	0	0	0	1	2	0	0	0	0	0	0	0	0	0	0	0	1	2
Exp3_MAG_137	0	0	0	1	1	2	0	0	0	0	0	0	0	0	0	0	0	0	0	0	0	0	1	1	0	0	0	0	0	0	0	0	0	0	0	0	0	0
Exp3_MAG_138	0	0	0	0	0	0	0	1	0	0	0	0	0	0	0	0	0	0	0	0	0	0	0	1	0	0	0	0	0	0	0	0	0	0	0	0	0	0
Exp3_MAG_139	0	0	0	0	0	0	0	0	2	0	0	0	0	0	0	0	0	0	0	0	0	0	1	1	1	0	0	0	0	0	0	0	0	0	0	0	0	1
Exp3_MAG_14	0	0	0	0	2	2	0	0	0	0	0	0	1	0	0	1	0	0	0	0	0	0	0	0	0	0	0	0	0	0	0	0	0	0	0	0	1	1
Exp3_MAG_140	1	0	0	0	1	3	0	1	4	0	0	0	0	0	0	0	0	0	0	0	0	0	0	0	0	0	0	0	0	0	0	0	0	0	0	0	0	0
Exp3_MAG_141	0	0	0	0	1	2	0	2	2	0	0	0	1	0	1	0	0	0	0	1	0	0	2	4	0	0	0	0	0	0	0	0	0	0	0	0	1	1
Exp3_MAG_142	1	0	0	0	1	2	0	0	2	0	0	0	0	0	0	0	0	0	0	0	0	0	0	0	0	0	0	0	0	0	0	0	0	0	0	0	2	0
Exp3_MAG_143	0	0	0	0	0	1	0	0	0	0	0	0	0	0	0	0	0	0	0	0	0	0	1	1	0	0	0	0	0	0	0	0	0	0	0	0	1	0
Exp3_MAG_144	0	0	0	0	1	2	1	2	1	0	0	0	1	0	0	0	0	0	0	0	0	0	0	0	0	0	0	0	0	0	0	0	0	0	0	0	1	0
Exp3_MAG_145	0	0	0	0	1	1	0	0	0	0	0	0	0	0	0	0	0	0	0	2	0	0	0	0	0	0	0	0	0	0	0	0	0	0	0	0	0	1
Exp3_MAG_146	1	0	0	0	0	1	0	0	3	0	0	0	0	0	0	0	0	0	0	1	0	0	1	1	0	0	0	0	0	0	0	0	0	0	0	0	1	1
Exp3_MAG_147	0	0	0	0	1	3	0	1	2	0	0	0	1	0	0	0	0	0	0	0	0	0	0	1	0	0	0	0	0	0	0	0	0	0	0	0	1	1
Exp3_MAG_148	0	0	0	0	2	2	1	1	1	0	0	0	1	0	0	0	0	0	0	1	0	0	0	0	0	0	0	0	0	0	0	0	0	0	0	0	0	0
Exp3_MAG_149	0	0	0	0	0	2	0	0	0	0	0	0	0	0	0	0	0	0	0	0	0	0	0	0	0	0	0	0	0	0	0	0	0	0	0	0	0	0
Exp3_MAG_15	0	0	0	0	1	1	0	1	0	0	0	0	0	0	0	0	0	0	0	0	0	0	0	2	0	0	0	0	0	0	0	0	0	0	0	0	0	0
Exp3_MAG_150	0	0	0	0	2	2	0	3	0	0	0	0	3	0	0	0	0	0	0	1	0	0	0	2	0	0	0	0	0	0	0	0	0	0	0	0	0	0
Exp3_MAG_151	12	0	6	9	1	1	0	1	0	0	0	0	0	0	0	0	0	0	0	0	1	0	2	0	0	0	0	0	0	0	0	0	0	0	0	0	0	0
Exp3_MAG_152	0	0	0	0	1	2	1	1	2	0	0	0	1	0	0	1	0	0	0	3	0	0	0	1	1	0	0	0	0	0	0	0	0	0	0	0	1	2
Exp3_MAG_154	0	0	0	0	1	2	0	0	1	0	0	0	1	0	0	0	0	0	0	0	0	0	1	2	0	0	0	0	0	0	0	0	0	0	0	0	0	1
Exp3_MAG_155	0	0	0	0	0	1	0	1	0	0	0	0	0	0	0	1	0	0	0	2	0	0	1	0	0	0	0	0	0	0	0	0	0	0	0	0	1	0
Exp3_MAG_156	0	0	0	0	1	3	0	0	0	0	0	0	0	0	0	1	0	0	0	0	0	0	0	0	0	0	0	0	0	0	0	0	0	0	0	0	2	0
Exp3_MAG_157	0	0	0	0	1	2	1	0	1	0	0	0	1	0	0	1	0	0	0	1	0	0	1	0	0	0	0	0	0	0	0	0	0	0	0	0	0	0
Exp3_MAG_158	0	0	0	0	0	1	0	0	0	0	0	0	0	0	0	0	0	0	0	0	0	0	0	0	0	0	0	0	0	0	0	0	0	0	0	0	0	0
Exp3_MAG_159	0	0	0	0	1	1	0	0	0	0	0	0	0	0	0	0	0	0	0	1	0	0	0	0	0	0	0	0	0	0	0	0	0	0	0	0	1	0
Exp3_MAG_16	0	0	0	0	1	1	0	0	0	0	0	0	3	0	0	0	0	0	0	0	0	0	0	0	0	0	0	0	0	0	0	0	0	0	0	0	0	0
Exp3_MAG_160	0	0	0	0	0	1	0	0	0	0	0	0	0	0	0	0	0	0	0	0	0	0	0	2	0	0	0	0	0	0	0	0	0	0	0	0	0	0
Exp3_MAG_161	1	0	0	3	1	2	1	2	4	1	0	0	0	1	1	1	0	0	0	0	0	0	0	2	0	0	0	0	0	0	0	0	0	0	0	0	0	1
Exp3_MAG_162	2	0	0	1	0	1	0	1	0	0	0	0	1	0	0	0	0	0	0	1	0	0	0	5	8	0	0	0	0	0	0	0	0	0	0	0	2	2
Exp3_MAG_163	0	0	0	0	0	1	0	0	4	0	0	0	0	0	0	0	0	0	0	0	0	0	1	0	1	0	0	0	0	0	0	0	0	0	0	0	0	0
Exp3_MAG_164	0	0	1	0	0	2	0	1	1	0	0	0	0	0	1	0	0	0	0	0	0	0	0	0	2	0	0	0	0	0	0	0	0	0	0	0	0	2
Exp3_MAG_165	3	0	6	5	1	2	0	1	0	0	0	0	0	0	1	0	0	0	0	0	1	0	1	0	0	0	0	0	0	0	0	0	0	0	0	0	0	2
Exp3_MAG_166	2	0	0	0	1	0	0	0	0	0	0	0	1	0	0	0	0	0	0	1	0	0	0	0	0	0	0	0	0	0	0	0	0	0	0	0	1	2
Exp3_MAG_167	0	0	0	0	1	1	0	0	0	0	0	0	0	0	0	0	0	0	0	0	0	0	0	2	0	0	0	0	0	0	0	0	0	0	0	0	0	0
Exp3_MAG_168	0	0	0	0	0	1	0	0	0	0	0	0	0	0	0	0	0	0	0	0	0	0	0	0	0	0	0	0	0	0	0	0	0	0	0	0	1	0
Exp3_MAG_169	0	0	0	0	0	1	0	0	0	0	0	0	0	0	0	0	0	0	0	0	0	0	1	2	1	0	0	0	0	0	0	0	0	0	0	0	1	0
Exp3_MAG_17	0	0	0	0	1	2	0	0	0	0	0	0	0	0	0	0	0	0	0	1	0	0	0	0	0	0	0	0	0	0	0	0	0	0	0	0	0	0
Exp3_MAG_170	0	0	0	2	0	2	0	2	1	0	0	0	0	0	1	0	0	0	0	0	0	0	2	1	0	0	0	0	0	0	0	0	0	0	0	0	2	0
Exp3_MAG_171	0	0	0	0	0	1	0	0	0	0	0	0	0	0	0	0	0	0	0	0	0	0	0	0	0	0	0	0	0	0	0	0	0	0	0	0	2	1
Exp3_MAG_172	0	0	0	0	0	0	0	0	1	0	0	0	0	0	0	0	0	0	0	0	0	0	0	0	0	0	0	0	0	0	0	0	0	0	0	0	0	0
Exp3_MAG_173	4	0	1	3	0	1	0	1	2	0	0	0	0	0	2	0	0	0	0	0	0	0	2	1	0	0	0	0	0	0	0	0	0	0	0	0	1	1
Exp3_MAG_174	2	0	1	3	0	1	0	1	2	0	0	0	0	0	1	0	0	0	0	0	0	0	0	0	0	0	0	0	0	0	0	0	0	0	0	0	1	1
Exp3_MAG_175	0	0	0	0	1	0	0	0	0	0	0	0	0	0	0	1	0	0	0	0	0	0	0	1	0	0	0	0	0	0	0	0	0	0	0	0	0	0
Exp3_MAG_176	0	0	0	0	0	1	0	1	0	0	0	0	0	0	0	0	0	0	0	1	0	0	0	0	0	0	0	0	0	0	0	0	0	0	0	0	0	0
Exp3_MAG_177	0	0	0	0	1	1	0	1	2	0	0	0	0	0	0	0	0	0	0	0	0	0	1	2	0	0	0	0	0	0	0	0	0	0	0	0	1	0
Exp3_MAG_178	0	0	0	0	0	1	0	0	0	0	0	0	0	0	0	0	0	0	0	1	0	0	0	0	0	0	0	0	0	0	0	0	0	0	0	0	0	0
Exp3_MAG_179	0	0	0	0	1	0	0	0	0	0	0	0	0	0	0	0	0	0	0	2	0	0	0	0	0	0	0	0	0	0	0	0	0	0	0	0	1	1
Exp3_MAG_18	0	0	0	0	1	2	0	0	0	0	0	0	1	0	0	1	0	0	0	0	0	0	0	0	0	0	0	0	0	0	0	0	0	0	0	0	1	0
Exp3_MAG_180	0	0	0	0	0	1	0	0	1	0	0	0	0	0	0	0	0	0	0	0	0	0	0	0	0	0	0	0	0	0	0	0	0	0	0	0	2	0
Exp3_MAG_181	0	0	0	0	0	1	1	1	0	0	0	0	0	0	0	1	0	0	0	0	0	0	0	1	0	0	0	0	0	0	0	0	0	0	0	0	0	0
Exp3_MAG_182	0	0	0	0	0	1	0	0	3	0	0	0	0	0	0	0	0	0	0	0	0	0	1	1	6	0	0	0	0	0	0	0	0	0	0	0	1	4
Exp3_MAG_183	0	0	0	1	1	0	0	1	0	0	0	0	0	0	0	0	0	0	0	1	0	0	0	0	0	0	0	0	0	0	0	0	0	0	0	0	0	1
Exp3_MAG_184	0	0	0	0	1	1	0	1	0	0	0	0	0	0	0	0	0	0	0	1	0	0	0	0	0	0	0	0	0	0	0	0	0	0	0	0	2	0
Exp3_MAG_185	0	0	0	0	0	1	0	0	0	0	0	0	0	0	0	0	0	0	0	1	0	0	0	0	0	0	0	0	0	0	0	0	0	0	0	0	0	0
Exp3_MAG_186	0	0	0	0	1	2	1	1	0	0	0	0	0	0	0	0	0	0	0	0	0	0	0	1	0	0	0	0	0	0	0	0	0	0	0	0	0	0
Exp3_MAG_187	0	0	0	0	0	0	0	0	0	0	0	0	0	0	0	0	0	0	0	1	0	0	0	0	0	0	0	0	0	0	0	0	0	0	0	0	2	0
Exp3_MAG_189	0	0	0	0	1	1	0	1	3	0	0	0	0	0	0	0	0	0	0	2	0	0	1	2	0	0	0	0	0	0	0	0	0	0	0	0	0	0
Exp3_MAG_19	0	0	0	0	1	1	0	0	0	0	0	0	0	0	0	0	0	0	0	1	0	0	0	0	0	0	0	0	0	0	0	0	0	0	0	0	0	0
Exp3_MAG_190	0	0	0	0	0	1	0	0	0	0	0	0	0	0	0	0	0	0	0	0	0	0	0	1	0	0	0	0	0	0	0	0	0	0	0	0	1	0
Exp3_MAG_191	0	0	0	0	0	0	0	1	0	0	0	0	0	0	0	0	0	0	0	0	0	0	0	0	0	0	0	0	0	0	0	0	0	0	0	0	4	0
Exp3_MAG_192	5	0	0	0	1	2	5	1	0	0	0	0	2	0	1	0	0	0	0	1	0	0	0	0	0	0	0	0	0	0	0	0	1	0	0	0	3	0
Exp3_MAG_193	0	0	0	0	0	1	0	1	3	0	0	0	0	0	0	0	0	0	0	0	0	0	1	1	2	0	0	0	0	0	0	0	0	0	0	0	0	1
Exp3_MAG_194	0	0	0	0	1	1	0	0	0	0	0	0	6	0	0	1	0	0	0	0	0	0	0	0	0	0	0	0	0	0	0	0	0	0	0	0	0	0
Exp3_MAG_195	0	0	0	0	1	2	0	1	3	0	0	0	1	0	0	1	0	0	0	2	0	0	1	3	2	0	0	0	0	0	0	0	0	0	0	0	2	6
Exp3_MAG_196	0	0	0	0	1	2	0	1	0	0	0	0	1	0	0	0	0	0	0	1	0	0	0	0	0	0	0	0	0	0	0	0	0	0	0	0	1	0
Exp3_MAG_197	0	0	0	0	0	1	0	0	0	0	0	0	0	0	0	0	0	0	0	0	0	0	1	1	0	0	0	0	0	0	0	0	0	0	0	0	0	0
Exp3_MAG_198	0	0	0	0	1	1	0	1	0	0	0	0	0	0	0	0	0	0	0	0	0	0	0	0	0	0	0	0	0	0	0	0	0	0	0	0	0	0
Exp3_MAG_199	1	0	0	2	0	0	0	1	0	0	0	0	0	0	0	0	0	0	0	0	0	0	1	0	0	0	0	0	0	0	0	0	0	0	0	0	0	0
Exp3_MAG_20	7	0	2	5	1	1	1	0	2	0	0	0	0	0	2	0	0	0	0	1	0	0	2	1	0	0	0	0	0	0	0	0	0	0	0	0	0	0
Exp3_MAG_200	0	0	0	1	0	1	0	0	0	0	0	0	0	0	0	0	0	0	0	1	0	0	1	0	0	0	0	0	0	0	0	0	0	0	0	0	1	0
Exp3_MAG_201	3	0	0	0	0	2	0	0	1	0	0	0	1	0	0	0	0	0	0	1	0	0	0	0	1	0	0	0	0	0	0	0	0	0	0	0	1	1
Exp3_MAG_202	0	0	0	0	2	2	0	1	0	0	0	0	0	0	0	0	0	0	0	1	0	0	0	0	0	0	0	0	0	0	0	0	0	0	0	0	0	0
Exp3_MAG_203	0	0	0	0	0	0	0	0	0	0	0	0	0	0	0	0	0	0	0	0	0	0	0	0	0	0	0	0	0	0	0	0	0	0	0	0	1	0
Exp3_MAG_204	0	0	0	0	0	1	0	1	2	0	0	0	1	0	0	0	0	0	0	0	0	0	0	0	0	0	0	0	0	0	0	0	0	0	0	0	1	0
Exp3_MAG_205	0	0	0	0	1	2	0	0	0	0	0	0	2	0	0	0	0	0	0	0	0	0	0	0	0	0	0	0	0	0	0	0	0	0	0	0	0	0
Exp3_MAG_207	0	0	0	0	1	1	1	0	0	0	0	0	0	0	0	0	0	0	0	0	0	0	0	1	0	0	0	0	0	0	0	0	0	0	0	0	1	0
Exp3_MAG_208	0	0	0	0	1	1	0	1	0	0	0	0	1	0	0	0	0	0	0	0	0	0	0	1	1	0	0	0	0	0	0	0	0	0	0	0	0	1
Exp3_MAG_209	0	0	0	0	0	1	0	0	0	0	0	0	0	0	0	0	0	0	0	0	0	0	0	0	0	0	0	0	0	0	0	0	0	0	0	0	0	0
Exp3_MAG_21	0	0	0	0	0	1	0	0	0	0	0	0	0	0	0	0	0	0	0	0	0	0	0	0	0	0	0	0	0	0	0	0	0	0	0	0	0	0
Exp3_MAG_210	0	0	0	2	1	2	0	1	0	1	0	0	0	0	1	0	0	0	0	0	0	0	0	1	0	0	0	0	0	0	0	0	0	0	0	0	0	0
Exp3_MAG_211	0	0	0	0	0	1	0	0	1	0	0	0	1	0	0	0	0	0	0	0	0	0	0	0	0	0	0	0	0	0	0	0	0	0	0	0	0	0
Exp3_MAG_212	0	0	0	0	0	1	0	0	0	0	0	0	0	0	0	0	0	0	0	0	0	0	0	0	0	0	0	0	0	0	0	0	0	0	0	0	0	0
Exp3_MAG_213	1	0	0	0	0	1	0	0	3	0	0	0	1	0	0	0	0	0	0	0	0	0	2	2	2	0	0	0	0	0	0	0	0	0	0	0	0	3
Exp3_MAG_214	0	0	0	0	1	1	0	0	0	0	0	0	1	0	0	0	0	0	0	1	0	0	0	0	0	0	0	0	0	0	0	0	0	0	0	0	0	0
Exp3_MAG_215	0	0	0	0	1	1	0	0	0	0	0	0	1	0	0	0	0	0	0	0	0	0	0	0	0	0	0	0	0	0	0	0	0	0	0	0	0	0
Exp3_MAG_216	0	0	0	0	0	1	0	0	0	0	0	0	0	0	0	0	0	0	0	1	0	0	0	0	0	0	0	0	0	0	0	0	0	0	0	0	0	0
Exp3_MAG_217	0	0	0	0	1	1	0	0	0	0	0	0	0	0	0	0	0	0	0	2	0	1	1	0	0	0	0	0	0	0	0	0	0	0	0	0	0	1
Exp3_MAG_218	0	0	0	2	0	1	0	0	0	0	0	0	0	0	0	0	0	0	0	0	0	0	0	2	0	0	0	0	0	0	0	0	0	0	0	0	0	0
Exp3_MAG_219	0	0	0	0	0	1	1	1	0	0	0	0	0	0	0	0	0	0	0	0	0	0	0	1	0	0	0	0	0	0	0	0	0	0	0	0	0	1
Exp3_MAG_22	0	0	0	0	0	1	0	0	0	0	0	0	0	0	0	0	0	0	0	1	0	0	0	0	0	0	0	0	0	0	0	0	0	0	0	0	0	0
Exp3_MAG_220	0	0	0	0	1	1	1	1	0	0	0	0	0	0	0	0	0	0	0	1	0	0	0	0	0	0	0	0	0	0	0	0	0	0	0	0	0	1
Exp3_MAG_221	0	0	0	0	0	0	0	0	0	0	0	0	0	0	0	1	0	0	0	1	0	0	0	1	0	0	0	0	0	0	0	0	0	0	0	0	0	0
Exp3_MAG_222	0	0	0	0	1	1	0	0	0	0	0	0	0	0	0	0	0	0	0	2	0	0	0	0	0	0	0	0	0	0	0	0	0	0	0	0	0	0
Exp3_MAG_223	0	0	0	0	0	1	0	0	0	0	0	0	0	0	0	0	0	0	0	0	0	0	0	0	0	0	0	0	0	0	0	0	0	0	0	0	2	0
Exp3_MAG_224	0	0	0	0	1	2	0	0	0	0	0	0	0	0	0	0	0	0	0	0	0	0	0	3	1	0	0	0	0	0	0	0	0	0	0	0	0	2
Exp3_MAG_225	0	0	0	0	1	1	0	0	0	0	0	0	0	0	0	0	0	0	0	0	0	0	1	1	0	0	0	0	0	0	0	0	0	0	0	0	0	0
Exp3_MAG_226	0	0	1	0	0	1	1	0	0	0	0	0	2	0	1	0	0	0	0	2	0	0	0	1	0	0	0	0	0	0	0	0	0	0	0	0	0	0
Exp3_MAG_227	0	0	0	0	0	2	0	0	0	0	0	0	0	0	0	0	0	0	0	0	0	0	0	0	1	0	0	0	0	0	0	0	1	0	0	0	1	1
Exp3_MAG_228	0	0	0	0	1	2	0	0	0	0	0	0	0	0	0	0	0	0	0	0	0	0	0	0	0	0	0	0	0	0	0	0	0	0	0	0	0	0
Exp3_MAG_229	0	0	0	0	0	0	0	0	0	0	0	0	0	0	0	0	0	0	0	1	0	0	0	0	0	0	0	0	0	0	0	0	0	0	0	0	0	0
Exp3_MAG_23	0	0	0	1	0	1	1	0	3	0	0	0	0	0	0	0	0	0	0	1	0	0	0	0	0	0	0	0	0	0	0	0	0	0	0	0	0	0
Exp3_MAG_230	0	0	0	0	0	1	0	0	0	0	0	0	0	0	0	0	0	0	0	0	0	0	0	0	0	0	0	0	0	0	0	0	0	0	0	0	1	0
Exp3_MAG_231	1	0	0	0	1	1	2	1	3	0	0	0	1	0	1	0	0	0	0	0	0	0	1	3	0	0	0	0	0	0	0	0	0	0	0	0	0	0
Exp3_MAG_232	7	0	1	3	0	0	0	1	2	0	0	0	0	0	2	0	0	0	0	2	0	0	3	1	5	0	0	0	0	0	0	1	2	1	0	0	1	1
Exp3_MAG_233	0	0	0	0	0	1	0	0	4	0	0	0	0	0	0	1	0	0	0	0	0	0	0	0	0	0	0	0	0	0	0	0	0	0	0	0	1	0
Exp3_MAG_234	0	0	0	0	0	1	0	1	1	0	0	0	2	0	0	0	0	0	0	1	0	0	1	2	1	0	0	0	0	0	0	0	0	0	0	0	1	2
Exp3_MAG_235	0	0	0	0	0	1	0	0	0	0	0	0	0	0	0	0	0	0	0	1	0	0	0	0	0	0	0	0	0	0	0	0	0	0	0	0	0	0
Exp3_MAG_236	0	0	0	0	4	1	0	0	0	0	0	0	7	0	0	0	0	0	0	0	0	0	0	0	0	0	0	0	0	0	0	0	0	0	0	0	1	0
Exp3_MAG_237	1	0	0	2	1	1	0	3	2	0	0	0	0	0	2	0	0	0	0	0	0	0	1	0	0	0	0	0	0	0	0	0	0	0	0	0	0	1
Exp3_MAG_238	0	0	0	0	0	1	0	0	0	0	0	0	0	0	0	0	0	0	0	1	0	0	0	0	0	0	0	0	0	0	0	0	0	0	0	0	0	0
Exp3_MAG_239	1	0	0	0	1	3	0	1	2	0	0	0	23	0	0	1	0	0	0	0	0	0	0	1	1	0	0	0	0	0	0	0	0	0	0	1	1	2
Exp3_MAG_24	0	0	0	0	0	1	0	0	0	0	0	0	0	0	0	0	0	0	0	0	0	0	0	0	0	0	0	0	0	0	0	0	0	0	0	0	0	0
Exp3_MAG_240	0	0	0	0	0	1	0	0	2	0	0	0	0	0	0	0	0	0	0	2	0	0	1	0	0	0	0	0	0	0	0	0	0	0	0	0	0	1
Exp3_MAG_241	0	0	0	1	0	3	0	0	0	0	0	0	1	0	0	0	0	0	0	0	0	0	0	0	0	0	0	0	0	0	0	0	1	0	0	0	1	0
Exp3_MAG_242	0	0	0	0	0	0	0	0	0	0	0	0	0	0	0	0	0	0	0	1	0	0	1	0	0	0	0	0	0	0	0	0	0	0	0	0	0	0
Exp3_MAG_243	1	0	0	0	0	0	0	0	6	0	0	0	0	0	1	0	0	0	0	0	0	0	0	1	0	0	0	0	0	0	0	0	0	0	0	0	0	0
Exp3_MAG_244	3	0	1	0	0	1	1	2	2	0	0	0	0	0	2	0	0	0	0	0	0	0	2	4	2	0	0	0	0	0	0	0	0	0	0	0	0	2
Exp3_MAG_245	2	0	0	4	0	1	0	1	5	0	0	0	0	0	1	0	0	0	0	1	1	0	4	1	4	0	0	0	0	0	0	0	0	0	0	0	0	1
Exp3_MAG_246	0	0	0	0	0	1	0	0	0	0	0	0	0	0	0	0	0	0	0	0	0	0	0	1	0	0	0	0	0	0	0	0	0	0	0	0	1	2
Exp3_MAG_247	0	0	0	0	1	1	0	0	0	0	0	0	0	0	0	1	0	0	0	0	0	0	0	0	0	0	0	0	0	0	0	0	1	0	0	0	0	0
Exp3_MAG_248	14	2	2	3	0	1	1	0	4	0	0	0	0	0	0	0	0	0	0	0	1	0	0	0	2	0	0	0	0	0	0	0	0	0	0	0	1	0
Exp3_MAG_249	0	0	0	0	0	1	0	0	0	0	0	0	0	0	0	0	0	0	0	0	0	0	0	0	0	0	0	0	0	0	0	0	0	0	0	0	0	0
Exp3_MAG_25	0	0	0	0	1	1	0	0	0	0	0	0	1	0	0	0	0	0	0	0	0	0	0	0	0	0	0	0	0	0	0	0	0	0	0	0	0	0
Exp3_MAG_250	0	0	0	0	0	1	0	0	0	0	0	0	0	0	0	0	0	0	0	4	0	0	0	0	1	0	0	0	0	0	0	0	0	0	0	0	0	1
Exp3_MAG_251	0	0	0	0	0	1	0	1	1	0	0	0	0	0	0	0	0	0	0	0	0	0	0	0	0	0	0	0	0	0	0	0	0	0	0	0	0	0
Exp3_MAG_252	0	0	0	0	1	1	0	0	2	0	0	0	0	0	1	0	0	0	0	1	0	0	1	1	0	0	0	0	0	0	0	0	0	0	0	0	1	1
Exp3_MAG_253	0	0	0	0	0	1	0	2	7	0	0	0	0	0	0	0	0	0	0	1	1	0	1	2	2	0	0	0	0	0	0	0	0	0	0	0	1	1
Exp3_MAG_254	0	0	0	0	0	2	0	2	4	0	0	0	0	0	1	0	0	0	0	1	0	0	0	1	0	0	0	0	0	0	0	0	0	0	0	0	1	0
Exp3_MAG_255	0	0	0	0	1	0	0	2	1	0	0	0	1	0	0	1	0	0	0	1	0	0	0	1	0	0	0	0	0	0	0	0	0	0	0	0	0	1
Exp3_MAG_256	0	0	0	0	1	2	1	1	2	0	0	0	0	0	1	0	0	0	0	0	0	0	0	1	1	0	0	0	0	0	0	0	0	0	0	0	0	1
Exp3_MAG_257	0	0	0	0	0	1	0	1	4	0	0	0	0	0	0	0	0	0	0	0	0	0	0	2	0	0	0	0	0	0	0	0	0	0	0	0	1	0
Exp3_MAG_258	0	0	0	0	0	1	0	0	0	0	0	0	0	0	0	0	0	0	0	0	0	0	0	0	0	0	0	0	0	0	0	0	0	0	0	0	0	0
Exp3_MAG_259	0	0	0	1	0	2	1	0	1	0	0	0	1	0	0	0	0	0	0	1	0	0	1	1	0	0	0	0	0	0	0	0	0	0	0	0	0	1
Exp3_MAG_26	0	0	0	0	0	1	0	1	0	0	0	0	0	0	0	0	0	0	0	0	0	0	0	1	0	0	0	0	0	0	0	0	0	0	0	0	0	0
Exp3_MAG_260	0	0	0	0	0	0	0	0	0	0	0	0	0	0	0	0	0	0	0	0	0	0	0	1	0	0	0	0	0	0	0	0	0	0	0	0	1	0
Exp3_MAG_261	0	0	0	0	1	2	0	1	2	0	0	0	1	0	0	0	0	0	0	1	0	0	0	1	0	0	0	0	0	0	0	0	0	0	0	0	0	0
Exp3_MAG_262	0	0	0	0	1	2	0	0	3	0	0	0	4	0	0	0	0	0	0	3	0	0	1	2	0	0	0	0	0	0	0	0	0	0	0	1	1	0
Exp3_MAG_263	0	0	0	0	0	2	0	1	7	0	0	0	0	0	1	0	0	0	0	1	0	0	1	0	18	0	0	0	0	0	0	0	0	0	0	0	0	2
Exp3_MAG_264	2	0	0	1	0	0	1	2	1	1	0	0	0	1	0	0	0	0	0	0	0	0	0	1	0	0	0	0	0	0	0	0	0	0	0	0	0	0
Exp3_MAG_265	0	0	0	0	0	1	0	0	0	0	0	0	0	0	0	0	0	0	0	0	0	0	3	0	0	0	0	0	0	0	0	0	0	0	0	0	0	0
Exp3_MAG_266	3	0	0	0	0	0	0	1	0	0	0	0	0	0	2	0	0	0	0	2	1	0	0	0	2	0	0	0	0	0	0	0	0	0	0	0	0	0
Exp3_MAG_267	3	0	1	9	0	2	0	1	3	0	0	0	0	0	3	0	0	0	0	0	0	0	0	0	0	0	0	0	0	0	0	0	0	0	0	0	1	3
Exp3_MAG_268	0	0	0	0	1	2	0	1	0	0	0	0	0	0	0	1	0	0	0	1	0	0	0	1	0	0	0	0	0	0	0	0	0	0	0	0	1	0
Exp3_MAG_269	1	0	0	0	1	1	2	1	2	0	0	0	0	0	1	0	0	0	0	0	0	0	1	1	0	0	0	0	0	0	0	0	1	0	0	0	1	0
Exp3_MAG_27	0	0	0	0	1	1	0	0	1	0	0	0	0	0	0	1	0	0	0	2	0	0	1	3	4	0	0	0	0	0	0	0	0	0	0	0	1	2
Exp3_MAG_270	1	0	0	1	0	0	0	2	13	0	0	0	0	0	0	0	0	0	0	3	1	1	3	2	2	0	0	0	0	0	0	1	0	1	0	0	2	1
Exp3_MAG_271	1	0	0	0	0	0	1	1	1	0	0	0	0	0	0	0	0	0	0	1	0	0	0	1	0	0	0	0	0	0	0	0	0	0	0	0	0	1
Exp3_MAG_272	8	0	0	2	1	1	0	1	9	0	0	0	0	0	2	0	0	0	0	1	0	0	0	0	7	0	0	0	0	0	0	0	0	0	0	0	0	1
Exp3_MAG_273	0	0	0	0	0	0	0	0	5	0	0	0	0	0	0	0	0	0	0	0	0	0	0	0	0	0	0	0	0	0	0	0	0	0	0	0	1	1
Exp3_MAG_274	0	0	0	0	0	1	0	0	1	0	0	0	0	0	0	0	0	0	0	0	0	0	0	0	0	0	0	0	0	0	0	0	0	0	0	0	0	0
Exp3_MAG_275	0	0	0	0	0	1	0	0	0	0	0	0	0	0	0	0	0	0	0	0	0	0	0	0	0	0	0	0	0	0	0	0	0	0	0	0	0	0
Exp3_MAG_276	0	0	0	0	1	0	0	0	0	0	0	0	1	0	0	0	0	0	0	1	0	0	0	0	0	0	0	0	0	0	0	0	0	0	0	0	0	1
Exp3_MAG_277	0	0	0	1	0	1	0	0	0	0	0	0	0	0	0	0	0	0	0	2	0	0	0	0	0	0	0	0	0	0	0	0	0	0	0	0	1	3
Exp3_MAG_278	3	0	0	2	0	1	0	1	4	0	0	0	0	0	2	0	0	0	0	0	1	0	4	0	4	0	0	0	0	0	0	0	0	0	0	0	0	1
Exp3_MAG_279	0	0	0	2	0	1	0	2	3	0	0	0	0	0	2	0	0	0	0	1	0	0	2	2	0	0	0	0	0	0	0	0	0	0	0	0	0	0
Exp3_MAG_28	0	0	0	0	0	0	0	0	0	0	0	0	0	0	0	0	0	0	0	1	0	0	0	0	1	0	0	0	0	0	0	0	0	0	0	0	0	1
Exp3_MAG_280	0	0	0	0	1	0	0	0	0	0	0	0	1	0	0	0	0	0	0	1	0	0	0	1	0	0	0	0	0	0	0	0	0	0	0	0	0	1
Exp3_MAG_281	0	0	1	2	0	2	0	1	4	0	0	0	0	0	1	1	0	0	0	0	0	0	0	0	0	0	0	0	0	0	0	0	0	0	0	0	0	1
Exp3_MAG_283	0	0	0	0	0	1	0	0	0	0	0	0	1	0	0	1	0	0	0	0	0	0	0	0	0	0	0	0	0	0	0	0	0	0	0	0	1	0
Exp3_MAG_284	0	0	0	1	1	2	0	0	2	0	0	0	0	0	0	0	0	0	0	0	0	0	2	1	0	0	0	0	0	0	0	0	0	0	0	0	0	0
Exp3_MAG_285	0	0	0	0	0	1	0	0	0	0	0	0	0	0	0	0	0	0	0	0	0	0	1	0	0	0	0	0	0	0	0	0	0	0	0	0	1	0
Exp3_MAG_286	0	0	1	2	1	2	0	1	2	0	0	0	0	0	2	1	0	0	0	0	0	0	2	0	1	0	0	0	0	0	0	0	0	0	0	0	0	1
Exp3_MAG_287	0	0	0	0	0	1	0	0	0	0	0	0	1	0	0	0	0	0	0	0	0	0	0	1	0	0	0	0	0	0	0	0	0	0	0	1	1	0
Exp3_MAG_288	0	0	0	0	0	1	0	0	0	0	0	0	1	0	0	0	0	0	0	0	0	0	0	0	0	0	0	0	0	0	0	0	0	0	0	0	0	0
Exp3_MAG_289	0	0	0	0	0	0	0	0	0	0	0	0	0	0	0	0	0	0	0	2	0	0	0	1	0	0	0	0	0	0	0	0	0	0	0	0	0	0
Exp3_MAG_29	0	0	0	0	0	0	0	0	0	0	0	0	0	0	0	0	0	0	0	0	0	0	0	1	0	0	0	0	0	0	0	0	0	0	0	0	0	0
Exp3_MAG_290	1	0	0	0	1	2	0	1	1	0	0	0	1	0	0	0	0	0	0	1	0	0	0	1	0	0	0	0	0	0	0	0	0	0	0	0	0	1
Exp3_MAG_291	0	0	0	0	0	1	0	0	0	0	0	0	0	0	0	0	0	0	0	0	0	0	0	0	0	0	0	0	0	0	0	0	0	0	0	0	0	0
Exp3_MAG_3	4	0	0	9	0	0	0	2	0	0	0	0	0	0	3	0	0	0	0	0	0	0	0	1	5	0	0	0	0	0	0	0	0	0	0	0	0	2
Exp3_MAG_30	0	0	0	0	0	1	0	0	1	0	0	0	0	0	0	0	0	0	0	0	0	0	0	0	0	0	0	0	0	0	0	0	0	0	0	0	2	0
Exp3_MAG_31	0	0	0	0	1	0	0	0	0	0	0	0	0	0	0	0	0	0	0	1	0	0	0	1	0	0	0	0	0	0	0	0	0	0	0	0	1	0
Exp3_MAG_32	2	0	0	0	0	1	0	1	1	0	0	0	1	0	0	0	0	0	0	0	0	0	0	1	1	0	0	0	0	0	0	0	1	0	0	0	0	1
Exp3_MAG_33	0	0	0	0	1	1	1	1	0	0	0	0	0	0	0	0	0	0	0	0	0	0	0	0	0	0	0	0	0	0	0	0	0	0	0	0	0	0
Exp3_MAG_34	0	0	0	0	0	1	1	0	0	0	0	0	0	0	0	0	0	0	0	0	0	0	1	2	0	0	0	0	0	0	0	0	0	0	0	0	2	0
Exp3_MAG_35	0	0	0	0	0	1	0	0	0	0	0	0	0	0	0	0	0	0	0	1	0	0	0	0	0	0	0	0	0	0	0	0	0	0	0	0	1	0
Exp3_MAG_36	0	0	0	0	0	1	1	0	0	0	0	0	0	0	0	0	0	0	0	0	0	0	0	1	0	0	0	0	0	0	0	0	0	0	0	0	1	0
Exp3_MAG_37	0	0	0	0	0	1	0	0	0	0	0	0	0	0	0	0	0	0	0	0	0	0	0	1	0	0	0	0	0	0	0	0	0	0	0	0	0	0
Exp3_MAG_38	0	0	0	0	1	0	0	1	1	0	0	0	1	0	0	0	0	0	0	1	0	0	0	0	0	0	0	0	0	0	0	0	0	0	0	0	0	0
Exp3_MAG_39	2	0	0	2	0	1	0	0	2	0	0	0	0	0	1	0	0	0	0	0	0	0	2	3	0	0	1	0	0	0	0	1	1	1	1	0	0	0
Exp3_MAG_4	0	0	0	1	1	0	0	1	0	0	0	0	0	0	0	0	0	0	0	0	0	0	0	0	0	0	0	0	0	0	0	0	0	0	0	0	0	0
Exp3_MAG_40	0	0	0	0	2	2	0	0	0	0	0	0	2	0	0	0	0	0	0	0	0	0	1	0	0	0	0	0	0	0	0	0	0	0	0	0	1	0
Exp3_MAG_41	0	0	0	0	1	2	0	0	0	0	0	0	1	0	0	0	0	0	0	0	0	0	0	2	0	0	0	0	0	0	0	0	0	0	0	0	1	0
Exp3_MAG_42	0	0	0	0	1	1	0	1	0	0	0	0	2	0	0	0	0	0	0	0	0	0	0	1	0	0	0	0	0	0	0	0	0	0	0	0	0	0
Exp3_MAG_43	7	0	6	7	0	1	0	0	0	0	0	0	1	0	1	0	0	0	0	0	0	0	1	0	0	0	0	0	0	0	0	0	0	0	0	0	1	0
Exp3_MAG_44	1	1	0	1	1	2	0	3	1	0	0	0	1	0	0	0	0	0	0	0	0	0	0	1	0	0	0	0	0	0	0	0	0	0	0	0	0	0
Exp3_MAG_45	0	0	0	0	2	1	0	0	0	0	0	0	0	0	0	0	0	0	0	0	0	0	0	0	0	0	0	0	0	0	0	0	0	0	0	0	0	0
Exp3_MAG_46	7	0	2	8	1	1	0	2	1	0	0	0	0	0	2	0	0	0	0	0	0	0	2	1	0	0	0	0	0	0	0	0	0	0	0	0	0	1
Exp3_MAG_47	0	0	0	0	1	2	0	1	0	0	0	0	0	0	0	1	0	0	0	0	0	0	0	0	1	0	0	0	0	0	0	0	0	0	0	0	0	1
Exp3_MAG_48	0	0	0	0	1	1	0	0	1	0	0	0	2	0	0	0	0	0	0	1	0	0	0	0	0	0	0	0	0	0	0	0	0	0	0	0	0	0
Exp3_MAG_49	1	0	0	1	0	1	0	1	1	0	0	0	0	0	0	0	0	0	0	1	0	0	1	0	0	0	0	0	0	0	0	0	0	0	0	0	1	0
Exp3_MAG_5	3	0	1	3	0	1	0	1	1	0	0	0	0	0	1	0	0	0	0	0	0	0	0	1	0	0	0	0	0	0	0	0	0	0	0	0	0	3
Exp3_MAG_50	0	0	0	0	0	1	0	0	4	0	0	0	0	0	0	0	0	0	0	0	0	0	1	1	0	0	0	0	0	0	0	0	0	0	0	0	0	0
Exp3_MAG_51	0	0	0	0	0	1	0	1	0	0	0	0	0	0	0	1	0	0	0	1	0	0	0	1	0	0	0	0	0	0	0	0	0	0	0	0	0	0
Exp3_MAG_52	0	0	0	0	1	1	0	1	0	0	0	0	0	0	0	0	0	0	0	1	0	0	0	3	0	0	0	0	0	0	0	0	0	0	0	0	0	0
Exp3_MAG_53	0	0	0	0	0	1	0	0	0	0	0	0	0	0	0	0	0	0	0	0	0	0	0	0	0	0	0	0	0	0	0	0	0	0	0	0	2	0
Exp3_MAG_54	0	0	0	0	0	1	0	1	0	0	0	0	0	0	0	0	0	0	0	1	0	0	0	0	1	0	0	0	0	0	0	0	0	0	0	0	0	0
Exp3_MAG_55	0	0	0	0	0	1	0	0	0	0	0	0	0	0	0	0	0	0	0	0	0	0	0	0	0	0	0	0	0	0	0	0	0	0	0	0	0	0
Exp3_MAG_56	0	0	0	0	1	2	0	1	2	0	0	0	1	0	0	1	0	0	0	2	0	0	1	3	0	0	0	0	0	0	0	0	0	0	0	0	1	1
Exp3_MAG_57	0	0	0	0	1	4	0	1	0	0	0	0	1	0	0	1	0	0	0	0	0	0	1	2	0	0	0	0	0	0	0	0	0	0	0	0	0	1
Exp3_MAG_58	0	0	0	0	1	2	0	0	1	0	0	0	0	0	0	0	0	0	0	1	0	0	0	0	0	0	0	0	0	0	0	0	0	0	0	0	0	0
Exp3_MAG_59	1	0	0	0	2	2	1	1	2	0	0	0	1	0	2	0	0	0	0	1	0	0	1	1	2	0	0	0	0	0	0	0	0	0	0	0	0	3
Exp3_MAG_6	0	0	0	0	0	0	0	0	2	0	0	0	0	0	0	0	0	0	0	0	0	0	0	0	0	0	0	0	0	0	0	0	0	0	0	0	0	3
Exp3_MAG_60	0	0	0	0	1	0	0	1	0	0	0	0	3	0	0	0	0	0	0	1	0	0	0	0	0	0	0	0	0	0	0	0	0	0	0	0	0	0
Exp3_MAG_61	0	0	0	0	1	0	0	1	0	0	0	0	0	0	0	0	0	0	0	0	0	0	0	0	0	0	0	0	0	0	0	0	0	0	0	0	0	0
Exp3_MAG_64	0	0	0	0	1	2	0	1	2	0	0	0	1	0	0	2	0	0	0	1	0	0	0	1	1	0	0	0	0	0	0	0	0	0	0	0	1	2
Exp3_MAG_65	0	0	0	0	0	1	1	0	0	0	0	0	0	0	0	0	0	0	0	1	0	0	1	0	0	0	0	0	0	0	0	0	0	0	0	0	1	0
Exp3_MAG_66	0	0	0	0	0	1	0	0	0	0	0	0	0	0	0	0	0	0	0	2	0	0	1	1	0	0	0	0	0	0	0	0	0	0	0	0	0	1
Exp3_MAG_68	1	0	0	4	1	1	0	1	2	0	0	0	0	0	0	0	0	0	0	1	0	0	0	1	0	0	0	0	0	0	0	0	1	0	0	0	2	0
Exp3_MAG_69	0	0	0	0	1	1	0	0	0	0	0	0	0	0	0	0	0	0	0	2	0	0	0	0	0	0	0	0	0	0	0	0	0	0	0	0	0	0
Exp3_MAG_70	0	0	0	0	0	1	0	0	0	0	0	0	0	0	0	0	0	0	0	0	0	0	0	0	0	0	0	0	0	0	0	0	0	0	0	0	0	0
Exp3_MAG_71	0	0	0	0	1	1	0	0	0	0	0	0	0	0	0	0	0	0	0	1	0	0	0	0	0	0	0	0	0	0	0	0	0	0	0	0	0	0
Exp3_MAG_72	0	0	0	0	0	1	0	0	0	0	0	0	0	0	0	0	0	0	0	1	0	0	0	0	0	0	0	0	0	0	0	0	0	0	0	0	0	0
Exp3_MAG_73	0	0	0	0	0	1	0	0	0	0	0	0	2	0	0	0	0	0	0	0	0	0	0	0	0	0	0	0	0	0	0	0	0	0	0	1	1	0
Exp3_MAG_74	0	0	0	0	1	1	0	0	5	0	0	0	0	0	0	0	0	0	0	1	0	0	0	2	0	0	0	0	0	0	0	0	0	0	0	0	0	1
Exp3_MAG_75	0	0	0	0	0	1	0	0	0	0	0	0	0	0	0	0	0	0	0	1	0	0	0	0	0	0	0	0	0	0	0	0	0	0	0	0	0	0
Exp3_MAG_76	0	0	0	0	0	1	0	1	0	0	0	0	0	0	0	1	0	0	0	1	0	0	0	0	0	0	0	0	0	0	0	0	0	0	0	0	1	0
Exp3_MAG_77	0	0	0	0	0	1	0	1	0	0	0	0	1	0	0	0	0	0	0	1	0	0	0	0	0	0	0	0	0	0	0	0	0	0	0	0	0	0
Exp3_MAG_78	0	0	0	0	0	1	0	0	0	0	0	0	2	0	0	0	0	0	0	1	0	0	0	0	0	0	0	0	0	0	0	0	0	0	0	0	2	0
Exp3_MAG_79	0	0	0	1	1	2	1	1	2	0	0	0	0	0	0	0	0	0	0	0	0	0	0	1	0	0	0	0	0	0	0	0	0	0	0	1	1	0
Exp3_MAG_8	0	0	0	1	1	1	0	1	2	0	0	0	0	0	0	0	0	0	0	1	0	0	1	4	0	0	1	0	0	0	0	0	0	0	0	0	1	2
Exp3_MAG_80	0	0	0	0	0	1	0	0	0	0	0	0	0	0	0	0	0	0	0	0	0	0	0	0	0	0	0	0	0	0	0	0	0	0	0	0	1	0
Exp3_MAG_81	0	0	0	0	0	1	0	0	0	0	0	0	0	0	0	0	0	0	0	1	0	0	0	1	0	0	0	0	0	0	0	0	0	0	0	0	0	0
Exp3_MAG_82	0	0	0	0	0	1	0	0	0	0	0	0	1	0	0	0	0	0	0	0	0	0	1	0	2	0	0	0	0	0	0	0	0	0	0	0	2	1
Exp3_MAG_83	0	0	0	0	1	1	0	0	0	0	0	0	1	0	0	1	0	0	0	0	0	0	0	1	0	0	0	0	0	0	0	0	0	0	0	0	1	0
Exp3_MAG_84	0	0	0	0	1	0	0	0	0	0	0	0	0	0	0	0	0	0	0	0	0	0	0	0	0	0	0	0	0	0	0	0	0	0	0	0	0	0
Exp3_MAG_85	0	0	0	0	1	1	0	1	0	0	0	0	0	0	0	0	0	0	0	0	0	0	1	2	0	0	0	0	0	0	0	0	0	0	0	0	1	0
Exp3_MAG_86	0	0	0	0	1	1	0	1	0	0	0	0	0	0	1	0	0	0	0	1	0	0	0	0	0	0	0	0	0	0	0	0	0	0	0	0	0	0
Exp3_MAG_87	0	0	0	0	0	1	0	0	0	0	0	0	0	0	0	0	0	0	0	0	0	0	1	0	0	0	0	0	0	0	0	0	0	0	0	0	0	0
Exp3_MAG_88	0	0	0	0	0	1	0	0	0	0	0	0	0	0	0	0	0	0	0	1	0	0	0	0	0	0	0	0	0	0	0	0	0	0	0	0	1	0
Exp3_MAG_89	0	0	0	0	0	1	0	0	1	0	0	0	0	0	0	0	0	0	0	0	0	0	0	1	0	0	0	0	0	0	0	0	0	0	0	0	0	1
Exp3_MAG_9	1	0	0	0	0	1	0	2	1	0	0	0	0	0	1	0	0	0	0	1	0	0	1	2	1	0	0	0	0	0	0	1	1	1	0	0	2	1
Exp3_MAG_90	0	0	0	0	2	2	0	0	1	0	0	0	1	0	0	0	0	0	0	1	0	0	1	2	2	0	0	0	0	0	0	0	0	0	0	0	1	1
Exp3_MAG_91	0	0	0	0	0	1	0	0	0	0	0	0	0	0	0	0	0	0	0	0	0	0	0	0	0	0	0	0	0	0	0	0	0	0	0	0	0	0
Exp3_MAG_92	0	0	0	0	0	1	0	0	0	0	0	0	0	0	0	0	0	0	0	0	0	0	0	0	0	0	0	0	0	0	0	0	0	0	0	0	0	0
Exp3_MAG_93	0	0	0	0	0	2	0	1	1	0	0	0	1	0	0	0	0	0	0	2	0	0	0	1	1	0	0	0	0	0	0	0	0	0	0	0	2	1
Exp3_MAG_94	1	0	0	3	1	2	0	2	3	0	0	0	0	0	1	1	0	0	0	0	0	0	0	1	0	0	0	0	0	0	0	0	0	0	0	0	0	1
Exp3_MAG_96	1	0	0	0	1	0	0	1	6	0	0	0	0	0	0	0	0	0	0	0	1	0	0	1	1	0	0	0	0	0	0	0	0	0	0	0	0	0
Exp3_MAG_97	1	0	0	0	0	1	0	0	2	0	0	0	0	0	0	0	0	0	0	1	0	0	0	1	1	0	0	0	0	0	0	0	0	0	0	0	0	2
Exp3_MAG_98	0	0	0	0	0	1	0	0	0	0	0	0	0	0	0	0	0	0	0	0	0	0	0	1	0	0	0	0	0	0	0	0	0	0	0	0	0	0
Exp3_MAG_99	0	0	0	0	0	1	0	0	0	0	0	0	0	0	0	0	0	0	0	0	0	0	0	0	0	0	0	0	0	0	0	0	0	0	0	0	0	0
GCF_000012925	0	0	0	0	2	1	0	0	0	0	0	0	3	0	0	0	0	0	0	0	0	0	0	1	0	0	0	0	0	0	0	0	0	0	0	0	0	0
GCF_000013405	0	0	0	0	0	1	0	0	0	0	0	0	0	0	0	1	0	0	0	0	0	0	0	0	0	0	0	0	0	0	0	0	0	0	0	0	0	0
GCF_000267545	0	0	0	0	1	3	0	1	1	0	0	0	17	0	0	1	0	0	0	0	0	0	1	0	0	0	0	0	0	0	0	0	0	0	0	1	1	0
GCF_000470885	11	0	3	6	1	2	2	3	0	0	0	0	0	0	1	0	1	0	0	2	1	1	2	2	3	0	0	0	0	0	0	1	2	1	1	2	2	2
GCF_000475255	2	0	0	1	1	2	2	2	1	0	0	1	1	1	1	1	0	0	0	0	0	0	0	0	0	0	0	0	0	0	0	0	0	0	0	2	3	0
GCF_000475295	6	0	0	2	2	2	2	3	3	0	0	0	1	0	3	1	0	0	0	0	0	0	0	0	0	0	0	0	0	0	0	0	0	0	0	1	2	0
GCF_000475315	2	0	0	2	1	2	2	2	3	0	0	1	8	1	1	1	0	0	0	0	0	0	0	0	0	0	0	0	0	0	0	0	0	0	0	2	2	0
GCF_000475335	3	0	0	1	1	3	0	2	1	0	1	1	1	0	1	0	0	0	0	0	0	0	0	1	1	0	0	0	0	0	0	0	0	0	0	1	3	1
GCF_000475355	2	0	0	2	1	2	2	2	3	1	0	1	8	1	1	1	0	0	0	0	0	0	0	0	0	0	0	0	0	0	0	0	0	0	0	2	2	0
GCF_000475375	2	0	0	3	1	2	2	2	2	1	0	1	9	1	1	1	0	0	0	0	0	0	0	0	0	0	0	0	0	0	0	0	0	0	0	3	2	1
GCF_000475395	0	0	0	0	0	1	0	0	6	0	0	0	0	0	0	0	0	0	0	0	0	0	0	4	1	0	0	0	0	0	0	0	0	0	0	0	1	1
GCF_000475415	0	0	0	0	1	2	0	3	2	0	0	0	0	0	0	0	0	0	0	0	0	0	1	1	0	0	0	0	0	0	0	0	0	0	0	0	0	0
GCF_000736435	18	1	3	5	1	4	1	6	4	0	0	0	0	0	2	0	0	0	0	2	0	3	2	5	10	0	0	0	0	0	0	1	1	1	1	2	0	2
GCF_000743525	0	0	0	0	1	1	0	0	0	0	0	0	0	0	0	0	0	0	0	0	0	0	0	0	0	0	0	0	0	0	0	0	0	0	0	0	0	0
GCF_000747095	0	0	0	0	0	1	0	0	0	0	0	0	0	0	0	0	0	0	0	0	0	0	0	0	0	0	0	0	0	0	0	0	0	0	0	0	0	0
GCF_001190925	0	0	0	0	2	2	0	1	1	0	0	0	2	0	0	0	0	0	0	0	0	0	0	1	0	0	0	0	0	0	0	0	0	0	0	1	2	0
GCF_002009335	0	0	0	0	1	2	0	0	0	0	0	0	0	0	0	1	0	0	0	0	0	0	0	1	0	0	0	0	0	0	0	0	0	0	0	0	0	0
GCF_002189495	0	0	0	0	0	2	0	0	2	0	0	0	0	0	0	0	0	0	0	0	0	0	2	3	3	0	0	0	0	0	0	0	0	0	0	0	0	0
GCF_013423925	0	0	0	0	2	2	0	3	1	0	0	0	5	0	0	1	0	0	0	0	0	0	1	1	0	0	0	0	0	0	0	0	0	0	0	0	0	0
GCF_014634705	0	0	0	0	0	1	0	1	7	0	0	0	0	0	0	0	0	0	0	0	0	0	1	2	2	0	0	0	0	0	0	0	0	0	0	0	0	0
GCF_015277575	1	0	0	0	2	2	1	1	2	0	0	0	12	0	0	0	0	0	0	1	0	0	0	1	3	0	0	0	0	0	0	0	0	0	0	1	1	2
GCF_016584445	0	0	0	1	0	1	0	1	1	0	0	0	0	0	1	0	0	0	0	1	0	0	2	1	0	0	0	0	0	0	0	0	0	0	0	0	0	1
GCF_020886775	3	0	0	1	0	1	0	2	1	0	0	0	0	0	0	0	0	0	0	0	0	0	1	4	3	0	0	0	0	0	0	0	0	0	0	0	1	1
GCF_026428315	0	0	0	0	2	2	0	1	2	0	0	0	13	0	0	2	0	0	0	2	0	0	1	2	3	0	0	0	0	0	0	0	0	0	0	1	1	1
GCF_026428335	2	0	0	0	1	3	1	1	4	0	0	0	22	0	0	1	0	0	0	0	0	0	0	1	2	0	0	0	0	0	0	0	0	0	0	1	1	2
GCF_029269135	2	0	0	0	1	3	1	1	1	0	0	0	14	0	1	0	0	0	0	1	0	0	0	0	0	0	0	0	0	0	0	0	0	0	0	2	1	0
GCF_029269175	1	0	0	0	2	2	1	1	2	0	0	0	13	0	0	0	0	0	0	1	0	0	0	2	4	0	0	0	0	0	0	0	0	0	0	1	1	1
GCF_029269195	1	0	0	0	2	2	1	1	2	0	0	0	17	0	0	0	0	0	0	1	0	0	0	1	2	0	0	0	0	0	0	0	0	0	0	1	1	3
GCF_029269225	2	0	0	1	2	2	1	2	4	0	0	0	20	0	0	0	0	0	0	1	0	0	1	4	2	0	0	0	0	0	0	0	0	0	0	1	2	2
GCF_029269255	0	0	0	0	2	2	0	2	2	0	0	0	13	0	0	1	0	0	0	1	0	0	1	1	2	0	0	0	0	0	0	0	0	0	0	1	2	1
GCF_029269265	0	0	0	0	1	2	0	1	0	0	0	0	6	0	0	0	0	0	0	1	0	0	0	0	0	0	0	0	0	0	0	0	0	0	0	0	2	0
GCF_029269295	2	0	0	0	1	3	1	1	2	0	0	0	19	0	0	0	0	0	0	2	1	0	1	3	5	0	0	0	0	0	0	0	0	0	0	1	1	3
GCF_031600295	0	0	0	1	0	1	0	1	1	0	0	0	0	0	1	0	0	0	0	1	0	0	2	1	0	0	0	0	0	0	0	0	0	0	0	0	0	1
GCF_040170545	0	0	0	2	1	2	1	1	3	1	0	0	0	1	0	0	0	0	0	1	0	0	0	0	2	0	0	0	0	0	0	0	0	0	0	0	0	0
GCF_041920355	0	0	0	0	2	2	0	0	0	0	0	0	0	0	0	0	0	0	0	3	0	0	0	0	0	0	0	0	0	0	0	0	0	0	0	0	0	1
GCF_041920365	0	0	0	0	1	2	0	0	0	0	0	0	0	0	0	0	0	0	0	0	0	0	0	0	0	0	0	0	0	0	0	0	0	0	0	0	1	0
GCF_041920375	0	0	0	0	1	3	0	0	0	0	0	0	1	0	0	0	0	0	0	0	0	0	0	0	2	0	0	0	0	0	0	0	0	0	0	0	0	0
GCF_041920425	0	0	0	0	1	2	0	0	0	0	0	0	0	0	0	0	0	0	0	0	0	0	0	0	0	0	0	0	0	0	0	0	0	0	0	0	0	0
GCF_041920455	0	0	0	0	1	1	0	1	0	0	0	0	0	0	0	0	0	0	0	1	0	0	1	0	0	0	0	0	0	0	0	0	0	0	0	0	1	0
GCF_041920485	0	0	0	0	2	1	0	0	0	0	0	0	0	0	0	0	0	0	0	2	0	0	1	0	0	0	0	0	0	0	0	0	0	0	0	0	0	2
GCF_051450025	0	0	0	0	2	2	0	2	2	0	0	0	13	0	0	1	0	0	0	1	0	0	1	1	2	0	0	0	0	0	0	0	0	0	0	1	2	1
GROW_101_consensus	1	0	0	0	2	2	1	1	2	0	0	0	24	0	0	0	0	0	0	2	0	0	0	1	6	0	0	0	0	0	0	0	0	0	0	1	1	3
GROW_105_consensus	1	0	0	0	2	3	0	2	5	0	0	0	16	0	0	1	0	0	0	0	0	0	0	5	2	0	0	0	0	0	0	0	0	0	0	1	1	3
GROW_113_consensus	0	0	0	0	2	2	0	2	0	0	0	0	11	0	0	1	0	0	0	0	0	0	0	1	0	0	0	0	0	0	0	0	0	0	0	0	0	0
GROW_115_consensus	2	1	0	0	2	4	0	1	0	0	1	0	1	0	1	0	0	0	0	2	0	0	1	0	3	0	0	0	0	0	0	0	0	0	0	1	2	1
GROW_116_consensus	0	0	0	0	0	1	0	0	0	0	0	0	0	0	0	2	0	0	0	0	0	0	0	1	0	0	0	0	0	0	0	0	0	0	0	0	0	0
GROW_118_consensus	0	0	0	0	0	1	0	0	0	0	0	0	0	0	0	2	0	0	0	0	0	0	0	1	0	0	0	0	0	0	0	0	0	0	0	0	0	0
GROW_123_consensus	0	0	0	0	2	2	0	2	3	0	0	0	10	0	0	1	0	0	0	0	0	0	0	1	2	0	0	0	0	0	0	0	0	0	0	1	2	1
GROW_126_consensus	3	0	0	0	2	3	1	1	1	0	0	1	0	0	1	0	0	0	0	0	0	0	0	3	3	0	0	0	0	0	0	0	0	0	0	1	3	5
GROW_127_consensus	0	0	0	0	1	2	0	1	2	0	0	0	1	0	0	0	0	0	0	0	0	0	1	2	0	0	0	0	0	0	0	0	0	0	0	0	0	0
GROW_128_consensus	0	0	0	0	0	2	0	1	0	0	0	0	0	0	0	0	0	0	0	1	0	0	1	2	3	0	0	0	0	0	0	0	0	0	0	0	0	0
GROW_131_consensus	0	0	0	0	1	1	0	0	3	0	0	0	0	0	0	1	0	0	0	1	0	0	1	1	2	0	0	0	0	0	0	0	0	0	0	0	0	2
GROW_61_consensus	0	0	0	0	1	1	0	0	1	0	0	0	0	0	0	1	0	0	0	1	0	0	0	3	1	0	0	0	0	0	0	0	0	0	0	0	0	2
GROW_67_consensus	2	0	0	0	2	2	1	1	3	0	0	0	19	0	0	0	0	0	0	1	0	0	1	4	2	0	0	0	0	0	0	0	0	0	0	1	2	2
GROW_68_consensus	2	0	0	1	2	2	1	1	3	0	0	0	20	0	0	0	0	0	0	1	0	0	1	4	3	0	0	0	0	0	0	0	0	0	0	1	2	2
GROW_70_consensus	0	0	0	0	2	2	0	0	0	0	0	0	0	0	0	2	0	0	0	1	0	0	0	2	1	0	0	0	0	0	0	0	0	0	0	0	1	1
GROW_72_consensus	0	0	0	0	1	1	0	0	1	0	0	0	0	0	0	1	0	0	0	1	0	0	0	3	1	0	0	0	0	0	0	0	0	0	0	0	0	2
GROW_73_consensus	0	0	0	0	1	1	0	0	1	0	0	0	0	0	0	1	0	0	0	1	0	0	0	2	1	0	0	0	0	0	0	0	0	0	0	0	0	2
GROW_74_consensus	1	0	0	0	2	2	1	1	4	0	0	0	22	0	0	0	0	0	0	1	0	0	1	2	3	0	0	0	0	0	0	0	0	0	0	1	1	3
GROW_76_consensus	0	0	0	0	2	2	0	0	0	0	0	0	0	0	0	2	0	0	0	1	0	0	1	2	1	0	0	0	0	0	0	0	0	0	0	0	1	1
GROW_77_consensus	0	0	0	0	2	2	0	1	1	0	0	0	17	0	0	1	0	0	0	0	0	0	0	2	0	0	0	0	0	0	0	0	0	0	0	0	1	0
GROW_83_consensus	1	0	0	0	2	3	0	1	3	0	0	0	19	0	0	1	0	0	0	1	0	0	0	1	1	0	0	0	0	0	0	0	0	0	0	1	1	1
GROW_93_consensus	0	0	0	0	2	2	0	0	0	0	0	0	0	0	0	2	0	0	0	0	0	0	1	2	5	0	0	0	0	0	0	0	0	0	0	0	1	4
L3_medaka	0	0	0	0	1	2	0	1	1	0	0	0	0	0	0	0	0	0	0	0	0	0	0	0	0	0	0	0	0	0	0	0	0	0	0	0	0	0
L4_medaka	0	0	0	0	1	3	0	1	0	0	0	0	1	0	0	0	0	0	0	0	0	0	0	0	0	0	0	0	0	0	0	0	0	0	0	0	1	0
LMAZ01000003	0	0	0	0	0	0	0	0	0	0	0	0	1	0	0	0	0	0	0	0	0	0	0	0	0	0	0	0	0	0	0	0	0	0	0	0	0	0
g_65_medaka	0	0	0	0	2	3	0	1	0	0	0	0	0	0	0	2	0	0	0	2	0	0	1	2	1	0	0	0	0	0	0	0	0	0	0	0	1	1
g_66_medaka	0	0	0	0	4	5	0	0	0	0	0	0	0	0	0	2	0	0	0	3	0	0	2	2	3	0	0	0	0	0	0	0	0	0	0	0	2	1
g_68A_medaka	0	0	0	0	2	2	0	0	0	0	0	0	0	0	0	2	0	0	0	1	0	0	1	2	1	0	0	0	0	0	0	0	0	0	0	0	1	1
