DATASET_HEATMAP
SEPARATOR TAB
DATASET_LABEL	gene_counts_besthit__Oxalate
COLOR	#2166ac
FIELD_LABELS	AAE3	frc	oorA	oorB	oorD	oxc	oxdD	oxlT	uctC	yfdE
COLOR_MIN	#f7fbff
COLOR_MAX	#08306b
COLOR_NAN	#d9d9d9
AUTO_LEGEND	1
SHOW_INTERNAL	0
SHOW_LABELS	1
LABEL_ROTATION	90
STRIP_WIDTH	18
MARGIN	20
BORDER_WIDTH	0
USER_MIN_VALUE	1
USER_MAX_VALUE	24
DATA
AP042450	0	0	1	1	0	0	0	0	0	0
CP010516	1	0	0	0	0	0	0	0	1	3
CP010517	0	1	0	0	0	0	0	1	5	2
CP063454	0	1	0	0	0	0	0	0	1	2
CP063455	0	0	0	0	0	0	0	0	1	2
Exp3_MAG_1	2	0	0	0	0	2	0	0	0	0
Exp3_MAG_102	0	0	0	0	0	0	0	0	0	1
Exp3_MAG_103	1	0	0	0	0	0	0	0	0	0
Exp3_MAG_104	1	2	0	0	0	1	0	1	1	3
Exp3_MAG_105	0	2	0	0	0	1	0	1	1	3
Exp3_MAG_107	1	0	0	0	0	0	0	0	0	1
Exp3_MAG_110	0	0	0	0	0	0	0	0	2	1
Exp3_MAG_111	1	1	0	0	0	1	0	0	3	0
Exp3_MAG_112	0	0	0	0	0	0	0	1	0	0
Exp3_MAG_113	0	0	0	0	0	0	0	0	1	0
Exp3_MAG_114	0	0	0	0	0	0	0	0	0	1
Exp3_MAG_119	2	0	0	0	0	0	0	0	7	6
Exp3_MAG_121	1	0	0	0	0	0	0	0	0	1
Exp3_MAG_122	0	0	0	0	0	0	0	1	0	1
Exp3_MAG_123	0	0	0	0	0	0	0	0	1	1
Exp3_MAG_128	0	0	0	0	0	0	0	0	0	1
Exp3_MAG_129	1	2	0	0	0	1	0	2	7	1
Exp3_MAG_13	1	0	0	0	0	0	0	0	1	0
Exp3_MAG_130	1	0	0	0	0	0	0	0	2	2
Exp3_MAG_131	1	0	0	0	0	0	0	0	2	1
Exp3_MAG_132	1	0	0	0	0	0	0	0	1	1
Exp3_MAG_135	0	0	0	0	0	0	1	0	0	0
Exp3_MAG_136	0	1	0	0	0	0	0	0	1	2
Exp3_MAG_137	0	0	0	0	0	0	0	0	2	0
Exp3_MAG_138	1	0	1	0	0	0	0	1	2	0
Exp3_MAG_139	1	1	0	0	0	1	0	0	2	0
Exp3_MAG_140	0	1	0	0	0	0	0	1	1	1
Exp3_MAG_141	2	0	0	0	0	0	0	3	2	1
Exp3_MAG_142	0	0	0	0	0	0	0	0	2	1
Exp3_MAG_143	0	0	0	0	0	0	0	0	1	0
Exp3_MAG_146	0	0	0	0	0	0	0	0	0	1
Exp3_MAG_147	1	2	0	0	0	1	0	1	3	1
Exp3_MAG_148	2	0	1	1	0	0	0	0	2	1
Exp3_MAG_149	0	0	1	1	0	0	0	0	0	0
Exp3_MAG_150	0	0	0	0	0	0	0	0	0	1
Exp3_MAG_151	0	1	0	0	0	0	0	0	0	0
Exp3_MAG_152	1	0	0	0	0	0	0	0	1	1
Exp3_MAG_154	2	0	0	0	0	0	0	1	1	0
Exp3_MAG_157	0	0	0	0	0	0	0	0	1	2
Exp3_MAG_159	0	0	0	0	0	0	1	0	0	1
Exp3_MAG_160	0	0	1	1	0	0	0	0	0	0
Exp3_MAG_161	1	0	0	0	0	0	0	0	0	1
Exp3_MAG_162	2	0	0	0	0	0	0	0	3	5
Exp3_MAG_163	1	0	2	1	0	0	2	0	2	0
Exp3_MAG_164	0	0	0	0	0	0	0	0	0	3
Exp3_MAG_165	0	1	0	0	0	0	0	0	0	1
Exp3_MAG_166	1	0	0	0	0	0	0	0	0	0
Exp3_MAG_169	0	0	0	0	0	0	0	0	3	2
Exp3_MAG_17	0	0	1	1	0	0	0	0	0	0
Exp3_MAG_170	0	0	0	0	0	2	0	3	4	1
Exp3_MAG_171	0	0	0	0	0	0	1	0	0	0
Exp3_MAG_173	2	0	0	0	0	0	0	0	0	1
Exp3_MAG_174	1	0	0	0	0	0	0	0	2	0
Exp3_MAG_177	1	0	1	1	0	0	0	0	0	0
Exp3_MAG_179	0	0	0	0	0	0	1	0	0	1
Exp3_MAG_182	1	0	0	0	0	0	0	0	0	1
Exp3_MAG_185	1	0	0	0	0	0	0	0	0	0
Exp3_MAG_189	0	1	0	0	0	1	0	1	2	0
Exp3_MAG_192	0	0	0	0	0	0	0	0	0	1
Exp3_MAG_193	1	0	0	0	0	0	0	0	1	0
Exp3_MAG_195	0	0	0	0	0	0	0	0	2	1
Exp3_MAG_196	0	0	0	0	0	0	0	0	1	0
Exp3_MAG_197	0	0	0	0	0	0	0	0	0	1
Exp3_MAG_199	0	0	0	0	0	0	0	0	0	2
Exp3_MAG_20	0	0	0	0	0	0	0	0	2	2
Exp3_MAG_200	1	0	0	0	0	0	0	0	0	0
Exp3_MAG_201	1	0	0	0	0	0	0	0	2	0
Exp3_MAG_202	0	0	0	0	0	0	0	0	1	3
Exp3_MAG_204	1	1	0	0	0	0	0	2	1	0
Exp3_MAG_209	0	0	0	0	0	0	0	0	0	1
Exp3_MAG_210	1	0	0	0	0	0	0	0	1	0
Exp3_MAG_212	0	0	0	0	0	0	0	0	1	0
Exp3_MAG_213	2	0	0	0	0	0	0	0	2	3
Exp3_MAG_218	0	0	0	0	0	0	0	0	1	1
Exp3_MAG_222	0	0	0	0	0	0	1	0	0	0
Exp3_MAG_224	0	1	0	0	0	0	0	0	0	0
Exp3_MAG_226	1	0	0	0	0	0	0	0	2	1
Exp3_MAG_23	0	0	0	0	0	0	0	0	1	0
Exp3_MAG_231	1	0	0	0	0	0	0	0	1	1
Exp3_MAG_232	1	0	0	0	0	0	0	1	8	0
Exp3_MAG_233	1	0	0	0	0	0	1	0	0	0
Exp3_MAG_234	0	0	0	0	0	0	0	0	3	1
Exp3_MAG_237	1	0	0	0	0	0	0	0	3	1
Exp3_MAG_239	0	0	0	0	0	0	0	0	1	1
Exp3_MAG_240	1	2	0	0	0	0	0	1	2	0
Exp3_MAG_241	0	0	0	0	0	0	0	0	0	1
Exp3_MAG_243	1	0	1	0	0	0	0	0	0	0
Exp3_MAG_244	0	0	0	0	0	0	0	0	4	0
Exp3_MAG_245	4	0	0	0	0	0	0	1	6	4
Exp3_MAG_248	1	0	0	0	0	0	0	0	2	3
Exp3_MAG_249	0	0	0	0	0	0	0	0	1	0
Exp3_MAG_252	2	2	0	0	0	1	0	1	2	0
Exp3_MAG_253	1	0	0	0	0	0	0	0	2	2
Exp3_MAG_254	1	0	1	1	0	0	0	0	4	0
Exp3_MAG_255	0	0	0	0	0	0	0	0	1	0
Exp3_MAG_256	0	0	0	0	0	0	0	0	1	1
Exp3_MAG_257	0	0	0	0	0	0	0	0	1	0
Exp3_MAG_259	0	0	0	0	0	0	0	0	1	0
Exp3_MAG_26	0	0	0	0	0	0	0	0	0	1
Exp3_MAG_261	0	2	0	0	0	1	0	1	4	0
Exp3_MAG_262	2	0	0	0	0	0	0	0	7	9
Exp3_MAG_263	0	2	0	0	0	1	0	1	7	5
Exp3_MAG_264	0	0	0	0	0	0	0	0	1	2
Exp3_MAG_266	2	0	0	0	0	0	0	0	2	0
Exp3_MAG_267	1	0	0	0	0	0	0	0	0	1
Exp3_MAG_269	0	0	0	0	0	0	0	0	1	1
Exp3_MAG_270	3	0	0	0	0	0	0	0	3	2
Exp3_MAG_271	1	0	0	0	0	0	0	0	2	0
Exp3_MAG_272	0	1	0	0	0	1	0	1	7	12
Exp3_MAG_273	0	0	0	0	0	0	0	0	1	1
Exp3_MAG_277	0	0	0	0	0	0	1	0	0	0
Exp3_MAG_278	4	1	0	0	0	1	0	2	9	5
Exp3_MAG_28	0	0	0	0	0	0	0	0	1	0
Exp3_MAG_281	0	0	0	0	0	0	0	0	3	2
Exp3_MAG_282	1	0	0	0	0	0	0	0	0	0
Exp3_MAG_284	2	0	0	0	0	0	0	2	0	0
Exp3_MAG_286	0	0	0	0	0	0	0	0	0	1
Exp3_MAG_287	0	0	2	1	0	0	0	0	0	0
Exp3_MAG_29	0	0	0	0	0	0	0	0	1	0
Exp3_MAG_3	0	0	0	0	0	2	1	0	0	0
Exp3_MAG_32	1	0	0	0	0	0	0	0	3	1
Exp3_MAG_33	1	0	0	0	0	0	0	0	0	1
Exp3_MAG_35	1	0	0	0	0	0	0	0	0	0
Exp3_MAG_38	0	0	0	0	0	0	0	0	0	1
Exp3_MAG_39	1	0	0	0	0	0	0	0	5	1
Exp3_MAG_40	0	0	0	0	0	0	0	0	1	1
Exp3_MAG_42	1	1	0	0	0	0	0	0	1	1
Exp3_MAG_43	1	0	1	0	0	0	0	0	0	1
Exp3_MAG_44	1	0	0	0	0	0	0	0	1	1
Exp3_MAG_46	0	1	0	0	0	0	0	0	1	0
Exp3_MAG_48	1	0	0	0	0	0	0	1	0	0
Exp3_MAG_49	0	0	0	0	0	0	0	0	2	0
Exp3_MAG_5	3	0	0	0	0	0	0	0	0	1
Exp3_MAG_50	0	0	0	0	0	0	0	0	1	0
Exp3_MAG_53	0	0	0	0	0	0	0	0	0	1
Exp3_MAG_55	0	0	0	0	0	0	0	0	0	1
Exp3_MAG_56	0	0	0	0	0	0	0	1	1	2
Exp3_MAG_57	1	2	0	0	0	1	0	1	3	3
Exp3_MAG_58	1	0	0	0	0	0	0	0	0	0
Exp3_MAG_59	1	0	0	0	0	0	0	0	1	0
Exp3_MAG_62	0	0	0	0	0	0	0	0	1	1
Exp3_MAG_64	1	0	0	0	0	0	0	0	0	2
Exp3_MAG_66	0	0	0	0	0	0	0	0	1	0
Exp3_MAG_68	2	0	0	0	0	0	0	0	0	1
Exp3_MAG_7	1	0	0	0	0	0	0	0	1	0
Exp3_MAG_73	0	0	1	1	0	0	0	0	0	0
Exp3_MAG_74	2	0	0	0	0	0	0	0	5	0
Exp3_MAG_77	0	0	0	0	0	0	1	0	0	0
Exp3_MAG_78	0	0	1	1	0	0	0	0	0	0
Exp3_MAG_79	1	0	2	2	0	0	0	0	2	4
Exp3_MAG_8	0	2	0	0	0	1	0	1	2	1
Exp3_MAG_80	0	0	0	0	0	0	0	0	0	2
Exp3_MAG_81	2	0	1	1	0	0	0	0	1	0
Exp3_MAG_82	0	1	0	0	0	1	0	0	3	0
Exp3_MAG_83	1	0	0	0	0	0	0	1	0	0
Exp3_MAG_85	1	0	0	0	0	0	0	0	1	0
Exp3_MAG_86	3	0	0	0	0	0	0	1	0	1
Exp3_MAG_9	1	0	0	0	0	0	1	2	0	1
Exp3_MAG_90	1	0	0	0	0	0	1	0	1	1
Exp3_MAG_93	1	0	0	0	0	0	0	1	1	0
Exp3_MAG_94	0	0	0	0	0	0	0	0	0	1
Exp3_MAG_96	0	0	0	0	0	0	0	0	0	1
Exp3_MAG_97	0	0	0	0	0	0	0	0	2	0
GCF_000013405	0	0	2	2	0	0	0	0	0	0
GCF_000267545	1	0	0	0	0	0	0	0	0	3
GCF_000470885	1	0	0	0	0	0	0	0	4	2
GCF_000475295	0	0	0	0	0	0	0	0	0	1
GCF_000475375	0	0	0	0	0	0	0	0	0	1
GCF_000475395	0	0	0	0	0	0	0	0	3	0
GCF_000475415	1	0	0	0	0	0	0	0	2	1
GCF_000736435	3	0	0	0	0	0	0	0	14	5
GCF_000747095	0	0	1	1	0	0	0	0	0	0
GCF_001190925	0	1	2	2	0	0	0	0	1	2
GCF_002009335	1	0	1	1	0	0	0	0	0	0
GCF_002189495	0	0	0	0	0	0	0	0	0	2
GCF_014634705	3	1	0	0	0	0	0	0	19	10
GCF_015277575	0	0	0	0	0	0	0	0	1	2
GCF_016584445	2	1	0	0	0	0	0	1	2	1
GCF_020886775	0	1	0	0	0	0	0	0	0	1
GCF_026428315	0	1	0	0	0	0	0	0	1	2
GCF_026428335	0	0	0	0	0	0	0	0	1	2
GCF_029269135	1	0	0	0	0	0	0	0	1	1
GCF_029269175	0	0	0	0	0	0	0	0	1	1
GCF_029269195	0	0	0	0	0	0	0	0	1	3
GCF_029269225	0	0	0	0	0	0	0	0	1	2
GCF_029269255	0	0	0	0	0	0	0	0	1	1
GCF_029269265	0	0	0	0	0	0	0	0	1	0
GCF_029269295	0	0	0	0	0	0	0	0	1	2
GCF_031600295	2	1	0	0	0	0	0	1	2	1
GCF_040170545	0	0	0	0	0	0	0	0	3	1
GCF_041920355	0	0	1	0	0	0	0	0	1	1
GCF_041920365	0	0	1	0	0	0	0	0	0	0
GCF_041920375	2	0	1	0	0	0	0	0	0	1
GCF_041920425	1	0	2	0	0	0	0	0	0	0
GCF_041920455	0	0	1	0	0	0	0	0	0	1
GCF_041920485	0	0	1	0	0	0	0	0	1	0
GCF_051450025	0	0	0	0	0	0	0	0	1	1
GROW_101_consensus	0	0	0	0	0	0	0	0	1	4
GROW_105_consensus	0	0	0	0	0	0	0	0	2	3
GROW_115_consensus	0	0	0	0	0	0	0	0	2	0
GROW_123_consensus	0	0	0	0	0	0	0	0	1	2
GROW_126_consensus	0	1	0	0	0	0	0	0	2	0
GROW_131_consensus	0	0	0	0	0	0	1	0	0	0
GROW_61_consensus	0	0	0	0	0	0	0	1	0	0
GROW_67_consensus	0	0	0	0	0	0	0	0	1	2
GROW_68_consensus	0	0	0	0	0	0	0	0	1	2
GROW_70_consensus	0	0	0	0	0	0	0	1	0	0
GROW_72_consensus	0	0	0	0	0	0	0	1	0	0
GROW_73_consensus	0	0	0	0	0	0	0	1	1	0
GROW_74_consensus	0	0	0	0	0	0	0	0	1	2
GROW_83_consensus	0	0	0	0	0	0	0	0	2	1
GROW_93_consensus	0	0	0	0	0	0	0	1	0	0
LMAZ01000003	0	0	0	0	0	0	0	0	0	1
g_66_medaka	0	0	1	0	0	0	1	0	0	0
