DATASET_HEATMAP
SEPARATOR TAB
DATASET_LABEL	gene_counts_besthit__Phenylacetate
COLOR	#2166ac
FIELD_LABELS	paaA	paaB	paaC	paaD	paaE	paaF	paaG	paaH	paaI	paaJ	paaK	paaX	paaY	paaZ
COLOR_MIN	#f7fbff
COLOR_MAX	#08306b
COLOR_NAN	#d9d9d9
AUTO_LEGEND	1
SHOW_INTERNAL	0
SHOW_LABELS	1
LABEL_ROTATION	90
STRIP_WIDTH	18
MARGIN	20
BORDER_WIDTH	0
USER_MIN_VALUE	1
USER_MAX_VALUE	24
DATA
AP042450	0	0	0	0	0	0	0	0	0	0	2	0	1	0
CP010516	1	1	1	0	1	0	2	1	1	0	1	0	1	0
CP010517	0	0	0	0	0	0	1	0	0	0	0	0	1	1
CP063454	1	1	1	1	2	2	3	2	1	1	1	1	3	1
CP063455	1	1	1	1	1	0	2	1	0	0	1	1	2	1
Exp3_MAG_101	0	0	0	0	0	0	0	0	0	0	1	0	0	0
Exp3_MAG_102	0	0	0	0	0	0	2	1	0	0	0	0	1	0
Exp3_MAG_103	0	0	0	0	0	0	0	0	0	0	0	0	1	0
Exp3_MAG_104	1	1	1	1	1	0	2	1	1	2	1	0	1	1
Exp3_MAG_105	1	1	2	2	1	1	1	0	1	0	1	0	1	0
Exp3_MAG_106	0	0	0	0	0	0	0	0	0	0	0	0	1	0
Exp3_MAG_107	0	0	0	0	0	1	1	0	0	0	0	0	0	0
Exp3_MAG_108	0	1	1	1	2	0	1	1	0	1	0	0	1	1
Exp3_MAG_109	0	0	0	0	0	0	0	0	0	0	1	0	0	0
Exp3_MAG_110	0	0	0	0	1	0	1	1	0	0	0	0	1	0
Exp3_MAG_111	0	0	0	0	0	1	2	0	0	0	0	0	0	0
Exp3_MAG_112	0	0	0	0	0	0	0	3	0	0	0	0	1	0
Exp3_MAG_113	0	0	0	0	1	0	0	0	0	0	0	0	0	0
Exp3_MAG_114	0	0	0	0	0	0	0	0	0	0	1	0	0	0
Exp3_MAG_115	0	0	0	0	0	0	0	1	0	0	0	0	0	0
Exp3_MAG_117	0	0	0	0	0	0	1	1	0	0	0	0	0	0
Exp3_MAG_119	1	1	1	1	1	0	2	1	1	0	1	0	2	0
Exp3_MAG_12	0	0	0	0	1	0	0	1	0	0	0	0	1	0
Exp3_MAG_120	0	0	0	0	0	0	0	1	0	0	0	0	0	0
Exp3_MAG_121	0	0	0	0	0	1	2	1	0	0	0	0	0	0
Exp3_MAG_122	0	1	1	1	1	1	1	1	1	0	2	0	2	1
Exp3_MAG_123	0	0	0	0	0	0	4	0	0	0	0	0	1	0
Exp3_MAG_124	0	0	0	0	0	0	0	1	0	0	1	0	0	0
Exp3_MAG_125	0	0	0	0	0	0	0	0	0	0	2	0	0	0
Exp3_MAG_126	1	2	2	1	3	0	0	2	1	1	1	0	2	1
Exp3_MAG_128	1	1	1	1	1	0	1	2	0	1	0	0	2	1
Exp3_MAG_129	1	1	1	1	1	0	3	1	0	0	0	0	0	1
Exp3_MAG_13	0	0	0	0	0	0	0	1	0	0	0	0	1	0
Exp3_MAG_130	0	0	0	0	0	0	2	1	0	0	0	0	1	0
Exp3_MAG_131	1	1	1	1	1	0	4	0	1	0	1	1	0	1
Exp3_MAG_132	0	0	0	0	0	0	1	1	0	1	0	0	1	0
Exp3_MAG_133	0	0	0	0	0	0	0	0	0	0	2	0	0	0
Exp3_MAG_134	0	0	0	0	0	0	0	1	0	0	0	0	1	0
Exp3_MAG_135	0	0	0	0	0	0	1	0	0	0	1	0	0	0
Exp3_MAG_136	0	0	0	0	0	0	0	0	0	0	0	0	1	0
Exp3_MAG_137	0	0	1	0	0	0	1	1	0	0	0	0	1	0
Exp3_MAG_138	0	0	0	0	0	0	1	0	1	0	1	0	1	0
Exp3_MAG_139	0	0	0	0	0	0	1	2	0	0	0	0	1	0
Exp3_MAG_140	1	1	1	1	1	0	2	0	1	1	1	1	1	1
Exp3_MAG_141	0	0	0	0	0	0	3	0	0	0	0	0	1	0
Exp3_MAG_142	0	0	0	0	0	0	2	2	0	0	0	0	0	0
Exp3_MAG_143	0	0	0	0	0	0	0	1	0	0	0	0	1	0
Exp3_MAG_145	0	0	0	0	0	0	0	0	0	0	1	0	0	0
Exp3_MAG_146	0	0	0	0	0	0	1	1	0	0	0	0	1	0
Exp3_MAG_147	0	0	0	0	0	0	0	0	0	1	0	0	1	0
Exp3_MAG_148	1	1	1	1	1	0	1	1	1	0	1	0	1	1
Exp3_MAG_149	0	0	0	0	0	0	1	1	0	0	2	0	1	0
Exp3_MAG_15	1	1	1	1	1	0	1	2	0	1	0	0	2	1
Exp3_MAG_150	0	0	1	1	1	0	0	0	0	0	1	0	1	0
Exp3_MAG_151	0	0	0	0	0	0	3	0	0	0	0	0	2	0
Exp3_MAG_152	0	0	0	0	0	0	2	1	0	1	0	0	1	1
Exp3_MAG_153	0	0	0	0	0	0	0	0	0	0	0	0	1	0
Exp3_MAG_154	0	0	0	0	0	1	1	0	0	0	0	0	1	0
Exp3_MAG_155	0	0	0	0	1	0	0	1	0	0	0	0	1	0
Exp3_MAG_156	0	0	0	0	0	0	0	0	0	0	1	0	1	0
Exp3_MAG_157	1	1	1	1	1	0	1	2	1	0	1	0	1	1
Exp3_MAG_159	1	1	1	1	2	0	1	2	0	1	0	0	2	1
Exp3_MAG_16	0	0	0	0	0	1	0	0	0	0	3	0	1	0
Exp3_MAG_160	0	0	0	0	0	0	0	0	0	0	1	0	1	0
Exp3_MAG_161	0	0	0	0	0	0	2	2	0	0	1	0	2	0
Exp3_MAG_162	1	1	1	1	1	1	6	2	1	2	1	0	3	1
Exp3_MAG_163	0	0	0	0	0	1	0	1	0	0	0	0	1	0
Exp3_MAG_164	0	0	0	0	0	0	2	1	0	0	0	0	1	0
Exp3_MAG_165	0	0	0	0	1	1	5	1	0	1	0	0	0	0
Exp3_MAG_166	0	0	0	0	0	0	0	0	0	0	0	0	1	0
Exp3_MAG_167	1	1	1	1	2	0	1	2	0	1	0	0	2	1
Exp3_MAG_168	0	0	0	0	0	0	0	0	0	0	0	0	1	0
Exp3_MAG_169	1	1	1	1	1	1	0	2	0	0	0	0	1	1
Exp3_MAG_17	0	0	0	0	0	0	2	1	0	0	0	0	1	0
Exp3_MAG_170	1	1	1	1	1	1	4	1	1	0	1	1	1	1
Exp3_MAG_171	1	1	1	1	1	0	1	2	0	1	0	0	3	1
Exp3_MAG_172	0	0	0	0	0	0	0	0	0	0	1	0	0	0
Exp3_MAG_173	0	0	0	0	0	0	4	1	0	0	0	0	2	0
Exp3_MAG_174	0	0	0	0	0	0	3	1	0	0	0	0	1	0
Exp3_MAG_175	1	0	1	1	0	0	0	1	0	0	0	0	0	0
Exp3_MAG_176	1	1	1	1	1	0	1	2	0	1	1	0	2	1
Exp3_MAG_177	0	0	0	0	0	0	1	1	0	0	0	0	1	0
Exp3_MAG_178	2	2	2	2	1	0	1	2	0	1	0	0	2	1
Exp3_MAG_180	1	1	1	1	1	0	1	2	0	1	0	0	1	1
Exp3_MAG_181	1	1	1	1	2	0	1	1	0	1	0	0	2	1
Exp3_MAG_182	0	0	0	0	0	0	0	1	0	0	0	0	1	0
Exp3_MAG_183	0	0	0	0	0	0	0	0	0	0	0	0	1	0
Exp3_MAG_184	0	0	0	0	1	0	1	0	0	0	0	0	1	0
Exp3_MAG_186	0	0	0	0	0	0	0	0	0	0	0	0	2	0
Exp3_MAG_187	0	0	0	0	0	0	0	1	0	0	3	0	1	0
Exp3_MAG_188	0	0	0	0	0	0	0	0	0	0	1	0	0	0
Exp3_MAG_189	1	1	1	1	1	0	3	0	1	1	1	1	0	1
Exp3_MAG_190	0	0	0	0	2	0	1	1	0	0	0	0	0	0
Exp3_MAG_192	0	0	0	0	0	1	1	0	0	0	0	0	1	0
Exp3_MAG_193	0	0	0	0	0	0	0	1	0	0	0	0	1	0
Exp3_MAG_194	0	0	0	0	0	1	0	0	0	0	0	0	0	0
Exp3_MAG_195	0	0	0	0	0	0	0	1	0	0	0	0	0	0
Exp3_MAG_196	0	0	0	0	0	0	0	0	0	0	0	0	1	0
Exp3_MAG_197	1	0	1	1	0	0	1	1	0	1	1	0	1	1
Exp3_MAG_199	0	0	0	0	0	1	0	0	0	0	0	0	1	0
Exp3_MAG_20	1	1	1	0	0	0	8	1	1	0	1	0	0	0
Exp3_MAG_201	1	1	1	1	1	0	0	2	0	0	0	0	1	0
Exp3_MAG_202	0	0	0	0	0	0	1	2	0	0	0	0	0	0
Exp3_MAG_204	0	0	0	0	0	1	0	0	0	0	0	0	1	0
Exp3_MAG_206	0	0	0	0	0	0	0	0	0	0	3	0	1	0
Exp3_MAG_207	0	0	0	0	1	0	0	1	0	1	0	0	0	0
Exp3_MAG_209	1	1	1	1	2	0	1	2	0	1	0	0	1	1
Exp3_MAG_21	0	0	0	0	0	0	0	0	0	0	0	0	2	0
Exp3_MAG_210	0	0	0	0	0	0	2	1	0	0	0	0	0	0
Exp3_MAG_211	0	0	0	0	0	0	0	0	0	0	1	0	0	0
Exp3_MAG_212	1	1	1	1	0	0	0	0	0	1	0	0	0	0
Exp3_MAG_213	0	0	0	0	0	0	1	1	0	0	0	0	1	0
Exp3_MAG_216	1	1	0	0	1	0	0	0	0	1	0	0	2	0
Exp3_MAG_217	1	1	1	1	1	0	1	2	0	1	0	0	1	1
Exp3_MAG_218	0	0	0	0	0	0	0	1	0	1	0	0	1	0
Exp3_MAG_219	0	0	0	0	1	0	1	0	0	0	0	0	0	0
Exp3_MAG_220	0	0	0	0	0	0	0	0	0	0	0	0	1	0
Exp3_MAG_221	1	1	1	1	1	0	0	2	1	0	0	0	2	0
Exp3_MAG_222	0	0	0	0	0	0	0	0	0	0	1	0	1	0
Exp3_MAG_223	1	1	1	1	2	0	1	2	0	1	0	0	1	1
Exp3_MAG_224	0	0	1	0	0	0	0	1	0	0	0	0	0	0
Exp3_MAG_225	1	1	1	1	1	0	1	2	0	1	0	0	1	1
Exp3_MAG_226	0	0	0	0	0	0	0	2	0	1	0	0	0	0
Exp3_MAG_227	0	0	0	0	0	0	0	1	0	0	0	0	1	0
Exp3_MAG_229	0	0	0	0	0	0	0	0	0	0	1	0	0	0
Exp3_MAG_23	0	0	0	0	0	1	0	1	0	0	1	0	1	0
Exp3_MAG_231	0	1	1	1	1	0	3	2	1	0	0	0	1	1
Exp3_MAG_232	1	1	1	1	1	0	6	2	1	0	1	1	1	0
Exp3_MAG_233	0	0	0	0	0	0	0	1	0	0	0	0	0	0
Exp3_MAG_234	1	1	1	1	1	0	1	0	1	0	1	0	3	1
Exp3_MAG_235	0	0	0	0	0	0	0	0	0	0	1	0	0	0
Exp3_MAG_236	0	0	0	0	0	0	0	0	0	0	1	0	1	0
Exp3_MAG_237	0	0	0	0	0	0	2	1	0	0	0	0	1	0
Exp3_MAG_238	0	0	0	0	0	0	0	0	0	0	0	0	1	0
Exp3_MAG_239	0	0	0	0	0	1	0	0	0	0	0	0	1	0
Exp3_MAG_24	1	1	1	1	1	0	1	2	1	1	0	0	2	1
Exp3_MAG_240	0	0	1	1	1	0	4	1	1	0	0	1	1	0
Exp3_MAG_241	0	0	0	0	0	0	0	0	0	0	0	0	1	0
Exp3_MAG_242	0	0	0	0	0	0	0	0	0	0	0	0	1	0
Exp3_MAG_243	1	1	0	1	1	0	2	1	1	0	1	0	1	1
Exp3_MAG_244	1	1	1	1	2	0	1	1	0	1	0	0	1	0
Exp3_MAG_245	2	2	2	2	2	0	7	2	2	0	1	2	1	0
Exp3_MAG_246	0	0	0	0	0	0	1	1	0	0	0	0	0	0
Exp3_MAG_247	0	0	0	0	0	0	0	0	0	0	1	0	0	0
Exp3_MAG_248	0	0	0	0	0	0	6	0	0	0	0	0	1	0
Exp3_MAG_249	0	0	0	0	0	0	0	1	0	0	0	0	0	0
Exp3_MAG_250	0	0	0	0	0	0	0	0	0	0	0	0	1	0
Exp3_MAG_251	0	0	0	0	0	0	0	1	0	0	0	0	1	0
Exp3_MAG_252	0	0	0	0	0	0	2	1	2	1	2	0	1	1
Exp3_MAG_253	0	0	0	0	0	0	2	1	0	0	0	0	1	0
Exp3_MAG_254	1	1	1	1	1	0	2	2	1	0	1	0	1	1
Exp3_MAG_255	0	1	1	0	1	0	2	2	1	0	1	0	1	1
Exp3_MAG_256	0	1	1	1	1	0	2	1	1	0	1	0	2	1
Exp3_MAG_257	0	0	0	0	0	0	1	1	0	0	0	0	1	0
Exp3_MAG_258	0	0	0	0	0	0	0	1	0	0	0	0	1	0
Exp3_MAG_259	1	1	1	1	1	0	0	1	0	0	0	0	1	1
Exp3_MAG_26	2	1	2	2	2	0	1	2	0	1	0	0	1	1
Exp3_MAG_260	0	0	0	0	0	0	0	0	0	0	0	0	1	0
Exp3_MAG_261	0	0	0	0	0	0	0	0	0	1	0	0	1	1
Exp3_MAG_262	1	1	1	1	1	0	3	1	1	0	1	0	0	0
Exp3_MAG_263	0	0	0	0	1	0	5	1	0	0	1	0	1	0
Exp3_MAG_264	1	1	1	1	1	3	0	0	0	0	0	0	1	0
Exp3_MAG_265	0	0	0	0	0	0	0	0	0	0	0	0	2	0
Exp3_MAG_266	1	1	1	0	0	1	1	1	0	0	0	1	0	0
Exp3_MAG_267	0	0	0	0	0	0	4	1	0	0	0	0	1	0
Exp3_MAG_268	0	0	0	0	0	0	0	1	0	0	0	0	1	0
Exp3_MAG_269	1	1	1	1	1	0	1	1	0	0	0	0	2	1
Exp3_MAG_27	0	0	0	0	0	0	0	0	0	0	0	0	1	0
Exp3_MAG_270	0	0	0	0	1	0	0	1	0	0	0	0	2	0
Exp3_MAG_271	1	1	1	1	1	0	2	1	1	0	1	0	0	1
Exp3_MAG_272	0	0	0	0	0	0	6	1	0	0	1	0	1	0
Exp3_MAG_273	0	0	0	0	0	0	0	0	0	0	0	0	1	0
Exp3_MAG_274	1	1	1	1	1	0	1	2	1	1	1	0	0	1
Exp3_MAG_277	0	0	0	0	0	0	0	0	0	0	0	0	1	0
Exp3_MAG_278	1	1	1	1	1	0	9	2	1	0	1	1	1	0
Exp3_MAG_279	0	0	0	0	0	0	0	1	0	1	1	0	0	0
Exp3_MAG_28	0	0	0	0	0	0	0	0	0	0	0	0	1	0
Exp3_MAG_281	0	0	0	0	0	0	3	2	0	0	0	0	1	0
Exp3_MAG_284	0	0	0	0	0	0	0	1	0	0	0	0	1	0
Exp3_MAG_285	0	0	0	0	0	0	0	0	0	0	0	0	1	0
Exp3_MAG_286	0	0	0	0	0	0	1	0	0	0	1	0	1	0
Exp3_MAG_287	0	0	0	0	0	0	0	0	1	0	3	0	1	0
Exp3_MAG_290	1	1	1	1	1	0	1	1	1	0	1	0	1	1
Exp3_MAG_291	0	0	0	0	0	0	0	0	0	0	1	0	1	0
Exp3_MAG_30	1	1	1	1	1	0	1	2	0	1	0	0	2	1
Exp3_MAG_32	1	1	1	1	1	0	3	2	1	0	2	0	1	0
Exp3_MAG_33	0	0	0	0	0	0	1	2	0	0	0	0	0	0
Exp3_MAG_34	0	0	0	0	1	0	1	1	0	1	0	0	1	0
Exp3_MAG_36	1	1	1	1	2	0	1	2	1	1	0	0	1	1
Exp3_MAG_37	0	0	0	0	0	0	0	1	0	0	0	0	0	0
Exp3_MAG_38	0	0	0	0	0	0	1	0	0	0	0	0	0	0
Exp3_MAG_39	0	0	0	0	0	0	0	3	0	2	0	0	1	1
Exp3_MAG_4	0	0	0	0	0	0	0	1	0	0	0	0	1	0
Exp3_MAG_40	0	0	0	0	0	1	1	1	0	0	3	0	2	0
Exp3_MAG_41	0	0	0	0	0	0	0	0	0	0	3	0	0	0
Exp3_MAG_42	0	0	0	0	0	1	2	2	1	0	2	1	3	0
Exp3_MAG_43	0	0	0	0	0	0	3	1	0	1	0	0	0	0
Exp3_MAG_44	1	1	1	1	1	1	5	0	1	1	1	1	1	1
Exp3_MAG_45	0	0	0	0	0	0	1	2	0	0	0	0	0	1
Exp3_MAG_46	0	0	0	0	0	0	7	2	0	0	0	0	1	0
Exp3_MAG_48	0	0	0	0	0	0	0	0	0	1	0	0	2	0
Exp3_MAG_49	0	0	0	0	2	0	2	2	0	2	0	0	1	1
Exp3_MAG_5	1	1	1	1	0	0	4	0	0	0	1	0	1	0
Exp3_MAG_50	0	0	0	0	0	0	0	1	0	0	0	0	1	0
Exp3_MAG_51	0	0	0	0	2	0	0	1	0	0	0	0	0	0
Exp3_MAG_52	1	0	1	1	1	0	1	2	0	1	0	0	0	0
Exp3_MAG_53	0	0	1	0	0	0	0	1	0	0	0	0	1	0
Exp3_MAG_54	0	0	0	0	0	0	0	1	0	0	0	0	1	0
Exp3_MAG_55	1	1	1	1	1	0	1	2	1	1	0	0	2	1
Exp3_MAG_56	0	0	0	0	0	0	2	0	1	0	0	0	1	0
Exp3_MAG_57	0	0	1	1	1	0	6	0	1	0	0	0	2	0
Exp3_MAG_58	0	0	0	0	0	0	0	1	1	0	1	0	0	0
Exp3_MAG_59	1	1	1	1	1	0	1	1	1	0	1	0	1	0
Exp3_MAG_61	0	0	0	0	0	0	0	1	0	0	1	0	1	0
Exp3_MAG_64	0	0	0	0	0	0	1	1	0	0	0	0	1	0
Exp3_MAG_65	1	1	1	1	1	0	1	2	1	1	0	0	2	1
Exp3_MAG_66	1	1	1	1	0	0	2	2	0	1	0	0	2	1
Exp3_MAG_68	0	0	0	0	0	0	1	1	0	0	0	0	1	0
Exp3_MAG_69	0	0	0	0	0	0	0	0	0	0	1	0	1	0
Exp3_MAG_7	0	0	0	0	0	0	0	0	0	0	0	0	1	0
Exp3_MAG_70	0	0	0	0	0	0	0	0	0	0	2	0	0	0
Exp3_MAG_71	2	2	2	2	2	0	1	1	0	1	0	0	2	1
Exp3_MAG_72	1	1	0	1	1	0	1	1	0	1	0	0	2	1
Exp3_MAG_73	0	0	0	0	0	0	0	0	0	0	0	0	1	0
Exp3_MAG_74	0	0	0	0	0	1	0	2	0	1	1	0	1	0
Exp3_MAG_75	1	1	1	1	1	0	1	1	1	1	2	0	2	1
Exp3_MAG_76	0	0	0	0	1	0	0	1	0	0	0	0	1	0
Exp3_MAG_77	0	0	0	0	0	0	0	0	0	0	3	0	0	0
Exp3_MAG_78	0	0	0	0	0	0	0	0	0	0	0	0	1	0
Exp3_MAG_79	0	0	0	0	0	0	1	3	0	0	0	0	1	0
Exp3_MAG_8	1	1	1	1	1	0	4	1	2	0	2	1	1	0
Exp3_MAG_80	1	1	1	1	1	0	1	2	0	1	0	0	1	1
Exp3_MAG_81	0	0	0	0	1	0	0	0	0	0	0	0	0	0
Exp3_MAG_82	0	0	0	0	0	0	1	1	0	0	0	0	0	0
Exp3_MAG_85	1	1	1	0	1	0	1	2	1	0	1	0	1	0
Exp3_MAG_86	0	0	0	0	1	0	1	0	0	0	1	0	1	0
Exp3_MAG_87	0	0	0	0	1	0	0	0	0	0	0	0	1	0
Exp3_MAG_88	0	0	0	0	0	0	0	1	0	0	0	0	1	0
Exp3_MAG_89	1	1	1	1	2	0	1	2	1	1	0	0	0	1
Exp3_MAG_9	0	0	0	0	0	0	0	1	0	0	0	0	0	0
Exp3_MAG_90	1	1	1	1	1	0	1	1	1	0	1	1	2	1
Exp3_MAG_91	0	0	0	0	0	0	0	1	0	0	0	0	0	0
Exp3_MAG_92	0	0	0	0	0	0	0	0	0	0	0	0	1	0
Exp3_MAG_93	1	1	1	1	1	1	1	0	1	0	1	1	2	1
Exp3_MAG_94	0	0	0	0	0	0	1	1	0	0	0	0	2	0
Exp3_MAG_95	0	0	0	0	0	0	0	0	0	0	1	0	0	0
Exp3_MAG_96	0	0	0	0	0	0	2	1	0	0	0	0	1	1
Exp3_MAG_97	0	0	0	0	0	0	0	0	0	1	0	0	0	0
Exp3_MAG_98	1	1	1	1	1	0	1	1	0	1	0	0	0	0
Exp3_MAG_99	0	0	0	0	0	0	0	0	0	0	0	0	1	0
GCF_000012925	0	0	0	0	0	0	0	4	0	1	3	0	1	0
GCF_000013405	0	0	0	0	0	1	0	1	0	0	1	0	1	0
GCF_000267545	0	0	0	0	1	0	0	0	0	0	0	0	1	0
GCF_000470885	0	0	0	0	1	1	4	3	0	2	0	0	1	0
GCF_000475255	0	0	0	0	0	1	0	0	0	0	0	0	0	0
GCF_000475295	0	0	0	0	1	0	1	0	0	0	0	0	1	0
GCF_000475315	0	0	0	0	0	1	0	0	0	1	0	0	1	0
GCF_000475335	0	0	0	0	0	0	0	0	0	0	0	0	2	0
GCF_000475355	0	0	0	0	0	1	0	0	0	1	0	0	1	0
GCF_000475375	0	0	0	0	0	2	0	0	0	1	0	0	1	0
GCF_000475395	1	1	1	1	1	0	1	1	1	0	2	0	1	1
GCF_000475415	0	0	0	0	0	1	0	0	0	0	0	0	1	0
GCF_000736435	1	1	1	1	3	1	6	5	0	2	2	0	1	1
GCF_000743525	0	0	0	0	0	0	0	0	0	0	2	0	1	0
GCF_000747095	0	0	0	0	0	0	0	0	0	0	0	0	1	0
GCF_001190925	1	1	1	1	2	1	7	4	1	0	3	1	2	1
GCF_002009335	0	0	0	0	0	0	0	4	0	0	3	0	1	0
GCF_002189495	1	1	1	1	1	0	0	2	0	0	1	0	1	1
GCF_013423925	0	0	0	0	0	0	0	0	0	0	0	0	1	0
GCF_014634705	1	1	1	1	1	0	5	2	1	0	0	1	1	0
GCF_015277575	0	0	0	0	0	0	0	0	0	0	0	0	2	0
GCF_016584445	1	1	1	1	1	0	6	1	1	0	3	0	1	1
GCF_020886775	1	1	1	1	1	0	0	2	0	0	1	0	1	1
GCF_026428315	1	1	1	1	2	2	3	2	1	1	1	1	3	1
GCF_026428335	1	1	1	1	1	0	2	1	0	0	1	1	2	1
GCF_029269135	0	0	0	0	0	0	1	0	0	0	0	0	2	0
GCF_029269175	0	0	0	0	0	0	0	0	0	0	0	0	2	0
GCF_029269195	0	0	0	0	0	0	0	0	0	0	0	0	2	0
GCF_029269225	0	0	0	0	0	0	0	1	0	0	0	0	2	0
GCF_029269255	1	1	1	1	2	1	2	2	1	1	1	1	2	1
GCF_029269265	0	0	0	0	0	0	0	0	0	0	0	0	1	0
GCF_029269295	0	0	0	0	0	0	0	1	0	0	0	0	2	0
GCF_031600295	1	1	1	1	1	0	6	1	1	0	3	0	1	1
GCF_040170545	0	0	0	0	0	0	3	1	0	0	0	0	0	0
GCF_041920355	1	0	0	1	0	1	2	3	0	1	1	2	2	0
GCF_041920365	0	0	0	0	0	0	1	1	0	1	0	0	1	0
GCF_041920375	1	0	0	1	0	0	2	4	0	2	1	2	2	0
GCF_041920425	1	0	0	1	0	1	2	4	0	1	1	1	0	0
GCF_041920455	0	0	0	0	0	0	1	1	0	2	0	0	1	0
GCF_041920485	0	0	0	0	0	0	1	2	0	0	0	0	1	0
GCF_051450025	1	1	1	1	2	1	2	2	1	1	1	1	2	1
GROW_101_consensus	0	0	0	0	0	0	1	0	0	0	0	0	2	0
GROW_105_consensus	1	1	1	1	1	1	2	2	1	1	1	1	3	1
GROW_113_consensus	0	0	0	0	0	0	0	0	0	0	0	0	1	0
GROW_115_consensus	0	0	0	0	0	0	0	0	0	0	0	0	1	0
GROW_116_consensus	0	0	0	0	1	0	0	0	0	0	0	0	1	0
GROW_118_consensus	0	0	0	0	1	0	0	0	0	0	0	0	1	0
GROW_123_consensus	1	1	1	1	3	1	2	2	1	1	1	1	2	1
GROW_126_consensus	0	0	0	0	0	1	1	0	0	0	0	0	1	0
GROW_128_consensus	1	1	1	1	1	0	0	1	1	2	1	0	1	1
GROW_131_consensus	1	1	1	1	1	1	1	2	1	2	1	1	2	1
GROW_61_consensus	0	0	0	0	0	1	0	0	0	0	0	0	1	0
GROW_67_consensus	1	1	1	1	1	1	1	2	1	1	1	1	3	1
GROW_68_consensus	1	1	1	1	1	1	1	2	1	1	1	1	3	1
GROW_72_consensus	0	0	0	0	0	1	0	0	0	0	0	0	1	0
GROW_73_consensus	0	0	0	0	0	1	0	0	0	0	0	0	1	0
GROW_74_consensus	1	1	1	1	1	0	1	1	0	0	1	0	2	0
GROW_76_consensus	1	1	1	1	1	1	1	1	1	1	1	1	2	1
GROW_83_consensus	0	0	0	0	0	0	1	1	0	0	0	0	2	0
GROW_93_consensus	1	1	1	1	1	1	1	1	1	1	1	1	1	1
LMAZ01000003	0	0	0	0	0	0	0	0	0	0	0	0	1	0
g_65_medaka	1	1	1	1	1	1	1	3	1	1	1	1	2	1
g_66_medaka	1	1	1	1	1	1	1	2	1	1	1	1	1	1
g_68A_medaka	1	1	1	1	1	1	1	1	1	1	1	1	1	1
