DATASET_HEATMAP
SEPARATOR TAB
DATASET_LABEL	gene_counts_besthit__Catechol-meta
COLOR	#2166ac
FIELD_LABELS	catE	mhpD	mhpE	mhpF	xylE	xylF	xylG	xylH	xylI	xylJ	xylK	xylQ
COLOR_MIN	#f7fbff
COLOR_MAX	#08306b
COLOR_NAN	#d9d9d9
AUTO_LEGEND	1
SHOW_INTERNAL	0
SHOW_LABELS	1
LABEL_ROTATION	90
STRIP_WIDTH	18
MARGIN	20
BORDER_WIDTH	0
USER_MIN_VALUE	1
USER_MAX_VALUE	24
DATA
CP063454	0	0	0	0	0	0	1	0	0	0	0	0
CP063455	0	1	0	1	0	0	1	0	1	0	1	1
Exp3_MAG_100	0	0	0	0	1	0	0	0	0	0	0	0
Exp3_MAG_106	1	0	0	0	0	0	0	0	0	0	0	0
Exp3_MAG_109	1	0	0	0	0	0	0	0	0	0	0	0
Exp3_MAG_11	2	0	0	0	0	0	0	0	0	0	0	0
Exp3_MAG_110	1	0	0	0	0	0	0	0	0	0	0	0
Exp3_MAG_114	0	0	0	0	2	0	0	0	1	1	0	0
Exp3_MAG_121	0	1	0	1	0	0	0	0	1	0	0	0
Exp3_MAG_129	0	1	0	1	0	0	0	0	0	0	0	0
Exp3_MAG_13	0	0	0	0	0	0	1	0	0	0	0	0
Exp3_MAG_130	1	0	0	0	0	0	0	0	0	0	0	0
Exp3_MAG_135	1	0	0	0	0	0	0	0	0	0	0	0
Exp3_MAG_136	0	0	0	0	0	0	0	0	0	0	0	1
Exp3_MAG_138	0	1	0	1	2	0	0	0	1	1	0	0
Exp3_MAG_141	0	0	0	0	0	0	0	0	0	0	0	1
Exp3_MAG_142	0	1	0	0	0	0	0	0	0	0	0	0
Exp3_MAG_143	1	0	0	0	0	0	0	0	0	0	0	0
Exp3_MAG_146	1	0	0	0	0	0	0	0	0	0	0	0
Exp3_MAG_150	0	0	0	0	2	0	2	0	2	2	0	0
Exp3_MAG_153	1	0	0	0	0	0	0	0	0	0	0	0
Exp3_MAG_160	1	0	0	0	0	0	0	0	0	0	0	0
Exp3_MAG_162	0	1	0	0	0	0	1	0	1	0	0	0
Exp3_MAG_163	1	0	0	0	0	0	0	0	0	0	0	0
Exp3_MAG_166	0	0	0	0	1	1	1	0	0	1	0	0
Exp3_MAG_167	1	0	0	0	0	0	0	0	0	0	0	0
Exp3_MAG_168	1	0	0	0	0	0	0	0	0	0	0	0
Exp3_MAG_169	1	0	0	0	1	0	0	0	0	0	0	0
Exp3_MAG_170	1	0	0	0	0	0	0	0	0	0	0	0
Exp3_MAG_171	1	0	0	0	0	0	0	0	0	0	0	0
Exp3_MAG_180	1	0	0	0	0	0	0	0	0	0	0	0
Exp3_MAG_182	2	0	0	0	0	0	0	0	0	0	0	0
Exp3_MAG_185	1	0	0	0	0	0	0	0	0	0	0	0
Exp3_MAG_191	1	0	0	0	0	0	0	0	0	0	0	0
Exp3_MAG_197	1	0	0	0	1	0	0	0	0	1	0	0
Exp3_MAG_20	0	0	0	1	0	0	1	0	0	0	1	0
Exp3_MAG_201	0	0	0	0	1	0	2	0	3	2	0	0
Exp3_MAG_210	0	1	0	1	0	0	0	0	1	0	1	0
Exp3_MAG_212	1	0	0	0	0	0	0	0	0	0	0	0
Exp3_MAG_213	1	0	0	0	0	0	0	0	0	0	0	0
Exp3_MAG_217	1	0	0	0	0	0	0	0	0	0	0	0
Exp3_MAG_22	1	0	0	0	0	0	0	0	0	0	0	0
Exp3_MAG_220	1	0	0	0	0	0	0	0	0	0	0	0
Exp3_MAG_223	1	0	0	0	0	0	0	0	0	0	0	0
Exp3_MAG_225	1	0	0	0	0	0	0	0	0	0	0	0
Exp3_MAG_226	0	0	0	0	2	0	1	0	1	0	0	0
Exp3_MAG_229	1	0	0	0	0	0	0	0	0	0	0	0
Exp3_MAG_232	2	0	0	0	0	0	0	0	0	0	0	0
Exp3_MAG_236	0	0	0	0	1	0	1	0	1	1	0	0
Exp3_MAG_238	1	0	0	0	0	0	0	0	0	0	0	0
Exp3_MAG_239	0	0	0	0	0	0	1	0	0	0	0	0
Exp3_MAG_240	2	0	0	0	0	0	0	0	0	0	0	0
Exp3_MAG_242	1	0	1	0	0	0	0	0	0	0	0	0
Exp3_MAG_243	0	0	0	0	0	0	1	0	0	0	0	0
Exp3_MAG_244	0	0	1	0	0	0	0	0	0	0	0	0
Exp3_MAG_245	2	0	0	0	0	0	0	0	0	0	0	0
Exp3_MAG_250	1	0	0	0	0	0	0	0	0	0	0	0
Exp3_MAG_251	0	0	0	0	0	0	1	0	0	0	0	0
Exp3_MAG_253	1	0	0	0	0	0	1	0	0	0	0	0
Exp3_MAG_258	1	0	0	0	0	0	0	0	0	0	0	0
Exp3_MAG_26	0	0	0	0	0	0	1	0	0	0	0	0
Exp3_MAG_262	0	1	0	0	0	0	0	0	1	0	0	0
Exp3_MAG_264	0	1	0	0	0	0	0	0	0	0	0	0
Exp3_MAG_268	1	0	0	0	0	0	0	0	0	0	0	0
Exp3_MAG_27	0	0	0	0	0	0	1	0	0	0	0	0
Exp3_MAG_270	2	0	0	0	0	0	1	0	0	0	0	0
Exp3_MAG_276	1	0	0	0	0	0	0	0	0	0	0	0
Exp3_MAG_277	1	0	0	0	0	0	0	0	0	0	0	0
Exp3_MAG_278	1	0	0	0	0	0	0	0	0	0	0	0
Exp3_MAG_284	0	0	0	1	0	0	0	0	0	1	0	0
Exp3_MAG_285	1	0	0	0	0	0	0	0	0	0	0	0
Exp3_MAG_289	2	0	0	0	0	0	0	0	0	0	0	0
Exp3_MAG_291	1	0	0	0	0	0	0	0	0	0	0	0
Exp3_MAG_3	0	0	0	0	0	0	1	0	0	0	0	0
Exp3_MAG_32	0	1	0	0	0	0	0	0	1	0	0	0
Exp3_MAG_35	1	0	0	0	0	0	0	0	0	0	0	0
Exp3_MAG_37	1	0	0	0	0	0	0	0	0	0	0	0
Exp3_MAG_39	0	1	2	0	2	0	3	0	1	1	0	0
Exp3_MAG_43	0	0	1	0	0	0	0	0	1	1	0	0
Exp3_MAG_49	0	0	0	0	0	0	0	0	0	1	0	0
Exp3_MAG_50	1	0	0	0	0	0	0	0	0	0	0	0
Exp3_MAG_51	1	0	0	0	0	0	0	0	0	0	0	0
Exp3_MAG_54	1	0	0	0	0	0	0	0	0	0	0	0
Exp3_MAG_55	1	0	0	0	0	0	0	0	0	0	0	0
Exp3_MAG_6	1	0	0	0	0	0	0	0	0	0	0	0
Exp3_MAG_62	0	0	0	1	0	0	0	0	0	0	1	0
Exp3_MAG_65	1	0	0	0	0	0	0	0	0	0	0	0
Exp3_MAG_66	1	0	0	0	0	0	1	0	0	0	0	0
Exp3_MAG_69	1	0	0	0	0	0	0	0	0	0	0	0
Exp3_MAG_79	0	1	0	1	1	0	1	0	1	1	0	0
Exp3_MAG_8	0	1	0	1	1	0	1	0	1	1	1	0
Exp3_MAG_80	1	0	0	0	0	0	0	0	0	0	0	0
Exp3_MAG_81	1	0	0	0	0	0	0	0	0	0	0	0
Exp3_MAG_85	0	0	0	0	0	0	1	0	0	0	0	0
Exp3_MAG_87	1	0	0	0	0	0	0	0	0	0	0	0
Exp3_MAG_89	1	0	0	0	0	0	0	0	0	0	0	0
Exp3_MAG_9	0	0	0	0	0	0	1	0	0	0	0	0
Exp3_MAG_92	1	0	0	0	0	0	0	0	0	0	0	0
Exp3_MAG_97	2	0	0	0	0	0	0	0	0	0	0	0
Exp3_MAG_99	1	0	0	0	0	0	0	0	0	0	0	0
GCF_000267545	0	0	0	0	1	1	1	1	1	1	0	0
GCF_000470885	0	1	2	2	0	0	1	0	1	0	1	1
GCF_000475295	0	0	0	0	0	0	1	0	0	0	0	0
GCF_000475395	0	0	0	0	1	0	0	0	0	0	0	0
GCF_000736435	0	1	2	1	0	0	1	0	0	0	1	0
GCF_000747095	0	0	0	0	0	0	0	0	0	0	0	1
GCF_001190925	0	0	0	0	0	0	0	0	0	2	0	0
GCF_002009335	0	0	0	0	0	1	0	0	0	0	0	0
GCF_002189495	1	0	0	0	0	0	0	0	0	0	0	0
GCF_014634705	0	1	0	2	0	0	2	0	0	0	0	0
GCF_016584445	0	0	0	0	1	0	0	0	0	0	0	0
GCF_020886775	1	1	0	0	0	0	0	0	0	0	0	0
GCF_026428315	0	0	0	0	0	0	1	0	0	0	0	0
GCF_026428335	0	1	0	1	0	0	1	0	1	0	1	1
GCF_029269225	0	4	0	2	1	0	1	0	1	1	2	0
GCF_029269295	0	2	0	1	1	0	1	0	1	1	2	0
GCF_031600295	0	0	0	0	1	0	0	0	0	0	0	0
GCF_040170545	0	1	0	1	1	0	1	0	1	0	1	0
GCF_041920365	0	0	0	0	0	0	0	0	1	0	0	0
GCF_041920375	0	1	0	0	0	0	0	0	1	0	0	0
GCF_041920455	1	0	0	0	0	0	0	0	0	0	0	0
GCF_041920485	1	0	0	0	0	0	0	0	0	0	0	0
GROW_105_consensus	0	1	0	1	0	0	0	0	0	0	1	0
GROW_115_consensus	0	1	0	0	0	0	0	0	0	0	0	0
GROW_123_consensus	0	0	0	0	0	0	2	0	0	1	0	0
GROW_131_consensus	0	1	0	2	0	0	1	0	1	0	0	0
GROW_67_consensus	0	3	0	3	1	0	1	0	1	1	3	0
GROW_68_consensus	0	3	0	3	1	0	1	0	1	1	3	0
GROW_72_consensus	0	0	0	0	0	0	1	0	0	0	0	0
GROW_74_consensus	0	2	1	2	0	0	0	0	0	0	2	1
L3_medaka	1	0	0	0	0	0	0	0	0	0	0	0
L4_medaka	1	0	0	0	0	0	0	0	0	0	0	0
g_66_medaka	1	0	0	0	0	0	0	0	0	0	0	0
