DATASET_HEATMAP
SEPARATOR TAB
DATASET_LABEL	gene_counts_besthit__Beta-oxidation
COLOR	#2166ac
FIELD_LABELS	GMET_RS16560	acdA	acdB	acsA	aliA	aliB	atoB	badH	badI	crt	echA	echA1	fadB	fadB2	fadD	fadE	fadJ	fadK
COLOR_MIN	#f7fbff
COLOR_MAX	#08306b
COLOR_NAN	#d9d9d9
AUTO_LEGEND	1
SHOW_INTERNAL	0
SHOW_LABELS	1
LABEL_ROTATION	90
STRIP_WIDTH	18
MARGIN	20
BORDER_WIDTH	0
USER_MIN_VALUE	1
USER_MAX_VALUE	24
DATA
AP042450	0	0	0	2	0	0	0	0	0	0	0	0	0	0	0	0	0	1
CP010516	0	2	3	2	0	0	3	1	2	0	0	0	1	0	3	0	0	1
CP010517	0	1	0	0	1	1	0	0	0	1	0	0	0	0	0	0	1	1
CP063454	0	4	7	3	2	0	3	1	0	1	0	0	3	0	5	1	0	0
CP063455	0	4	6	2	1	2	2	1	0	0	0	0	1	0	3	2	2	1
Exp3_MAG_1	0	0	0	2	0	0	0	0	0	0	2	0	0	0	0	0	0	0
Exp3_MAG_10	0	0	0	1	0	0	0	0	0	0	0	0	0	0	0	0	0	0
Exp3_MAG_100	0	0	0	0	0	1	0	0	0	0	0	0	0	0	0	0	0	0
Exp3_MAG_101	0	0	0	1	0	0	1	2	0	0	0	0	0	0	2	0	1	0
Exp3_MAG_102	0	1	2	1	1	0	1	1	0	0	0	1	1	0	1	0	0	0
Exp3_MAG_103	0	0	0	2	0	1	0	0	0	0	0	0	0	0	0	0	0	0
Exp3_MAG_104	0	2	3	3	0	0	2	2	0	1	0	1	0	0	4	0	3	0
Exp3_MAG_105	0	2	3	2	2	0	1	0	0	0	0	0	1	1	2	0	1	1
Exp3_MAG_106	0	0	0	1	0	0	0	1	1	0	0	0	0	0	0	0	0	0
Exp3_MAG_107	0	1	2	1	2	1	2	0	0	0	0	0	1	0	1	0	0	0
Exp3_MAG_108	1	3	0	2	0	0	1	0	0	1	0	0	0	0	0	0	0	0
Exp3_MAG_109	0	0	0	1	0	0	1	2	0	0	0	0	0	0	0	0	0	0
Exp3_MAG_11	0	0	0	1	0	0	1	3	0	0	0	0	0	0	0	0	0	0
Exp3_MAG_110	0	0	3	1	1	1	1	1	0	1	0	3	2	0	0	0	1	0
Exp3_MAG_111	0	0	1	0	0	0	1	2	1	3	0	1	0	0	0	0	0	1
Exp3_MAG_112	0	2	0	0	0	0	4	0	0	1	0	0	0	0	0	0	0	0
Exp3_MAG_113	0	2	1	1	0	0	0	1	0	1	0	0	0	0	1	1	2	0
Exp3_MAG_114	1	1	1	2	0	0	2	0	1	0	0	0	0	0	1	1	1	0
Exp3_MAG_115	1	4	0	1	0	0	1	1	1	1	0	0	0	0	0	0	0	0
Exp3_MAG_116	0	0	0	1	0	0	0	1	0	0	0	0	0	0	0	0	0	0
Exp3_MAG_117	1	3	0	1	0	0	1	1	1	2	0	0	0	0	0	0	1	0
Exp3_MAG_118	1	2	0	0	0	0	1	0	0	0	0	0	0	0	0	0	0	0
Exp3_MAG_119	0	2	3	3	1	1	3	0	0	0	0	0	0	0	5	0	0	1
Exp3_MAG_12	0	1	0	1	0	1	1	0	1	1	0	0	0	0	0	0	0	0
Exp3_MAG_120	1	1	0	1	0	0	1	1	1	0	0	0	0	0	1	0	0	0
Exp3_MAG_121	0	2	3	2	1	2	1	1	0	2	0	1	1	0	1	0	0	3
Exp3_MAG_122	1	1	1	2	0	0	1	2	0	2	0	0	0	0	1	1	0	0
Exp3_MAG_123	0	1	2	2	3	3	2	0	0	3	0	2	0	1	0	0	1	3
Exp3_MAG_124	0	0	0	0	0	0	2	0	0	0	0	0	0	0	0	0	0	0
Exp3_MAG_125	0	1	0	0	0	0	0	1	0	0	0	0	0	0	0	0	0	0
Exp3_MAG_126	0	1	0	1	0	1	2	0	0	1	0	0	0	0	0	0	0	0
Exp3_MAG_128	1	2	0	1	0	0	1	0	0	1	0	0	0	0	0	0	0	0
Exp3_MAG_129	0	2	4	3	0	0	6	2	0	1	1	0	0	0	6	1	1	0
Exp3_MAG_13	0	3	2	1	2	0	2	3	0	0	0	1	0	0	1	0	0	2
Exp3_MAG_130	0	3	2	2	1	2	1	5	0	4	0	2	1	0	0	0	2	3
Exp3_MAG_131	2	1	3	2	1	1	1	2	0	1	0	3	0	0	3	1	4	0
Exp3_MAG_132	0	2	2	2	1	0	2	0	0	0	0	0	0	0	2	0	1	1
Exp3_MAG_133	0	0	0	0	0	0	0	1	0	0	0	0	0	0	0	0	0	0
Exp3_MAG_134	0	2	0	1	0	0	1	0	1	1	0	0	0	0	0	0	0	0
Exp3_MAG_135	0	0	0	1	0	0	1	2	0	1	0	0	1	0	2	0	2	0
Exp3_MAG_136	0	1	1	1	0	0	0	2	1	0	0	0	0	0	4	1	0	1
Exp3_MAG_137	0	2	2	1	0	0	0	0	0	1	0	0	0	0	0	0	1	0
Exp3_MAG_138	0	0	2	2	1	1	0	2	0	0	0	0	0	1	1	0	0	0
Exp3_MAG_139	0	0	1	1	0	0	0	1	0	0	0	0	0	0	0	0	0	0
Exp3_MAG_14	0	0	0	1	0	0	0	1	0	0	0	0	0	0	0	0	0	0
Exp3_MAG_140	0	2	3	2	0	1	1	1	0	0	0	1	0	0	2	1	3	1
Exp3_MAG_141	1	2	3	1	0	1	2	1	0	0	0	0	0	0	2	1	2	0
Exp3_MAG_142	1	2	2	1	1	0	1	2	1	1	0	0	0	0	1	0	3	0
Exp3_MAG_143	0	0	0	0	0	0	0	0	1	0	0	0	0	0	3	0	1	0
Exp3_MAG_144	0	1	1	1	1	1	0	1	0	1	0	0	0	0	4	0	2	0
Exp3_MAG_145	0	0	0	1	0	0	1	1	0	0	0	0	0	0	0	0	0	0
Exp3_MAG_146	0	2	2	2	1	0	1	3	0	0	0	1	0	0	0	0	1	2
Exp3_MAG_147	0	2	3	1	0	0	2	2	0	1	0	0	0	0	3	0	1	0
Exp3_MAG_148	1	2	2	1	2	0	3	1	0	0	0	0	0	0	4	0	1	0
Exp3_MAG_149	2	5	0	3	1	0	3	1	0	4	1	1	0	0	0	0	0	1
Exp3_MAG_15	0	2	0	1	0	0	1	1	0	1	0	0	0	0	0	0	0	0
Exp3_MAG_150	1	2	3	2	1	0	1	1	0	0	0	1	0	0	0	0	1	1
Exp3_MAG_151	1	0	1	2	6	0	1	2	1	1	0	6	0	0	1	0	0	0
Exp3_MAG_152	0	3	3	1	1	0	2	0	0	0	0	1	0	0	4	0	2	1
Exp3_MAG_153	0	0	0	0	0	0	0	1	0	0	0	0	0	0	0	0	0	0
Exp3_MAG_154	1	1	1	1	0	0	1	2	1	0	0	0	1	0	2	0	1	1
Exp3_MAG_155	0	2	0	1	0	0	1	0	1	1	0	0	0	0	0	0	0	0
Exp3_MAG_156	0	1	1	1	0	0	0	0	1	0	0	0	0	0	0	0	0	0
Exp3_MAG_157	0	2	4	2	0	1	3	1	1	0	0	0	1	0	2	0	0	1
Exp3_MAG_158	0	0	0	0	0	0	0	0	0	0	0	0	0	0	2	0	1	0
Exp3_MAG_159	0	2	0	1	0	0	1	1	0	1	0	0	0	0	0	0	0	0
Exp3_MAG_16	0	0	0	0	0	0	0	1	0	0	0	0	0	0	1	0	0	0
Exp3_MAG_160	0	0	0	1	0	0	0	1	1	0	0	0	0	0	0	0	0	0
Exp3_MAG_161	0	1	2	1	1	1	1	2	0	1	0	1	1	0	1	0	1	0
Exp3_MAG_162	1	3	5	2	2	4	4	2	1	0	0	2	0	0	4	0	4	3
Exp3_MAG_163	0	0	1	1	0	0	1	1	1	1	0	1	0	0	0	0	0	1
Exp3_MAG_164	0	2	1	1	1	1	1	1	0	0	0	0	0	0	1	2	1	1
Exp3_MAG_165	1	1	1	1	4	0	0	4	1	1	0	5	0	0	2	0	0	2
Exp3_MAG_166	0	0	1	0	0	0	1	0	0	0	0	0	0	0	0	0	0	0
Exp3_MAG_167	0	2	0	1	0	0	0	0	0	0	0	0	0	0	0	0	0	0
Exp3_MAG_168	0	0	0	1	0	0	0	1	0	0	0	0	0	0	1	0	0	0
Exp3_MAG_169	0	0	0	1	0	0	0	1	1	1	0	0	0	0	1	0	1	1
Exp3_MAG_17	2	1	2	1	0	0	1	0	0	0	0	0	0	0	1	0	0	0
Exp3_MAG_170	0	2	3	2	2	1	2	4	1	2	0	2	2	0	2	1	2	1
Exp3_MAG_171	0	2	0	1	0	0	1	0	0	1	0	0	0	0	0	0	0	0
Exp3_MAG_172	0	0	0	0	0	0	0	1	0	0	0	0	0	0	0	0	0	0
Exp3_MAG_173	0	2	3	1	3	0	2	1	0	1	0	1	1	0	0	0	1	1
Exp3_MAG_174	0	0	1	1	0	0	0	0	0	1	0	1	0	0	1	0	1	0
Exp3_MAG_175	1	2	0	1	0	0	1	0	1	0	0	0	0	0	0	0	0	0
Exp3_MAG_176	0	2	0	1	0	0	1	1	0	1	0	0	0	0	0	0	0	0
Exp3_MAG_177	2	1	1	1	0	0	1	0	0	1	0	1	0	0	0	0	0	0
Exp3_MAG_178	0	2	0	1	0	0	1	0	0	1	0	0	0	0	0	0	0	0
Exp3_MAG_179	0	0	0	1	0	0	1	1	0	0	0	0	0	0	0	0	0	0
Exp3_MAG_18	0	0	0	1	0	0	0	0	0	0	0	0	0	0	0	0	0	0
Exp3_MAG_180	1	2	0	1	0	0	1	0	0	1	0	0	0	0	0	0	0	0
Exp3_MAG_181	1	2	1	2	0	0	1	2	0	1	0	0	0	0	1	0	0	0
Exp3_MAG_182	0	2	2	1	0	0	2	1	0	0	0	1	0	0	1	0	0	0
Exp3_MAG_183	0	0	0	1	0	0	1	1	1	0	0	0	1	0	0	0	0	1
Exp3_MAG_184	0	2	1	1	0	0	1	1	1	0	0	0	0	0	0	0	1	0
Exp3_MAG_185	0	0	0	1	0	0	0	0	1	0	0	0	0	0	2	0	0	0
Exp3_MAG_186	0	1	0	1	0	0	1	0	1	1	0	0	2	0	1	1	0	0
Exp3_MAG_187	0	0	0	0	0	0	1	3	0	0	0	0	0	0	0	0	0	1
Exp3_MAG_188	0	1	0	1	0	0	0	0	1	0	0	0	0	0	0	0	0	0
Exp3_MAG_189	0	1	2	2	1	0	1	0	0	0	0	1	0	0	3	1	2	0
Exp3_MAG_19	0	2	0	0	0	0	0	0	1	0	0	0	1	0	0	0	1	0
Exp3_MAG_190	0	2	0	1	0	0	1	0	1	1	0	0	0	0	0	0	0	0
Exp3_MAG_191	0	0	0	1	0	0	0	0	0	0	0	0	0	0	0	0	0	0
Exp3_MAG_192	0	2	4	2	1	1	1	0	0	1	0	1	2	0	4	0	1	0
Exp3_MAG_193	0	0	1	1	0	0	1	1	0	0	0	1	0	0	1	0	0	0
Exp3_MAG_194	0	0	1	1	0	0	0	0	0	0	0	0	1	0	1	1	0	0
Exp3_MAG_195	0	1	3	1	1	1	2	1	0	1	0	0	0	0	3	0	1	0
Exp3_MAG_196	0	2	1	1	0	0	2	0	0	0	0	0	0	0	1	1	1	1
Exp3_MAG_197	1	4	0	4	0	0	1	0	0	1	0	0	0	0	0	0	0	0
Exp3_MAG_198	0	1	1	0	0	0	0	1	0	1	0	0	1	0	0	0	0	0
Exp3_MAG_199	1	0	2	0	0	2	0	1	0	1	0	0	0	0	1	0	0	0
Exp3_MAG_20	1	1	1	1	3	2	1	4	2	4	0	1	0	0	4	0	2	0
Exp3_MAG_200	0	0	0	1	0	0	0	0	1	0	0	0	0	0	1	0	0	0
Exp3_MAG_201	0	0	2	2	0	0	0	0	0	0	0	0	1	0	1	0	0	1
Exp3_MAG_202	1	3	1	2	0	0	2	1	0	2	0	0	0	0	1	0	0	0
Exp3_MAG_203	0	0	0	1	0	0	0	1	0	0	0	0	0	0	0	0	1	0
Exp3_MAG_204	0	1	2	0	1	0	1	3	0	0	0	0	0	0	1	0	0	1
Exp3_MAG_205	0	0	0	1	0	0	0	1	0	0	0	0	0	0	0	0	0	0
Exp3_MAG_206	0	0	0	0	0	0	0	1	0	0	0	0	0	0	1	0	0	1
Exp3_MAG_207	1	1	0	1	0	0	1	0	0	1	0	0	0	0	0	0	0	1
Exp3_MAG_208	0	0	0	1	0	0	0	1	1	0	0	0	0	0	0	0	0	1
Exp3_MAG_209	0	2	0	1	0	0	2	0	1	1	0	0	0	0	0	0	0	0
Exp3_MAG_21	0	0	0	1	0	0	0	0	0	0	0	0	0	0	0	0	0	0
Exp3_MAG_210	0	2	2	1	1	1	1	1	0	0	0	0	1	0	1	0	0	0
Exp3_MAG_211	2	0	0	0	0	0	0	1	0	0	0	0	0	0	0	0	0	1
Exp3_MAG_212	0	1	1	0	0	1	0	0	0	0	0	0	0	0	0	0	0	0
Exp3_MAG_213	0	3	2	2	0	1	1	2	0	1	0	1	0	0	2	0	2	1
Exp3_MAG_215	0	0	0	0	0	0	0	0	0	0	0	0	0	0	1	0	0	0
Exp3_MAG_216	0	1	0	0	0	0	1	1	0	1	0	0	0	0	0	0	0	0
Exp3_MAG_217	1	2	0	1	0	0	1	0	0	1	0	0	0	0	0	0	0	0
Exp3_MAG_218	0	1	1	2	0	0	0	0	1	0	0	0	0	0	0	0	0	0
Exp3_MAG_219	0	1	1	1	0	0	1	1	1	0	0	0	0	0	1	0	0	0
Exp3_MAG_22	0	1	0	1	0	0	1	0	0	0	0	0	0	0	0	0	0	0
Exp3_MAG_220	0	0	0	1	0	0	1	2	1	0	0	0	0	0	0	0	1	0
Exp3_MAG_222	0	0	0	1	0	0	1	0	0	0	0	0	0	0	0	0	0	0
Exp3_MAG_223	1	2	0	1	0	0	1	0	0	1	0	0	0	0	0	0	0	0
Exp3_MAG_224	0	1	2	1	0	0	2	0	0	1	0	0	0	0	0	0	1	0
Exp3_MAG_225	0	2	0	1	0	0	1	0	0	1	0	0	0	0	0	0	0	0
Exp3_MAG_226	1	4	2	2	0	0	0	0	1	1	0	0	0	0	2	0	0	1
Exp3_MAG_227	0	3	0	1	0	0	1	1	1	1	1	0	0	0	0	0	0	0
Exp3_MAG_228	0	0	0	1	0	0	0	0	0	0	0	0	0	0	0	0	0	0
Exp3_MAG_229	0	0	0	1	0	0	1	1	0	0	0	1	0	0	1	0	1	0
Exp3_MAG_23	0	1	2	1	0	0	0	1	0	1	0	1	0	0	0	0	1	1
Exp3_MAG_230	0	1	0	0	0	0	1	1	0	0	0	0	0	0	0	0	0	1
Exp3_MAG_231	0	2	0	4	0	0	3	2	0	0	0	1	0	0	5	0	2	0
Exp3_MAG_232	0	2	2	2	2	2	2	2	1	1	0	2	1	0	2	0	1	2
Exp3_MAG_233	1	0	0	0	1	0	1	1	0	0	0	0	0	0	1	0	1	1
Exp3_MAG_234	0	3	2	2	0	0	1	0	0	1	0	0	1	1	4	1	0	0
Exp3_MAG_235	0	0	0	0	0	0	0	0	1	0	0	0	0	0	0	0	0	0
Exp3_MAG_236	0	0	0	2	0	0	0	1	0	0	0	0	0	0	2	0	0	0
Exp3_MAG_237	0	2	3	2	2	2	2	3	0	0	0	0	1	0	1	0	0	0
Exp3_MAG_238	0	0	0	1	0	0	0	1	0	0	0	0	0	0	1	0	0	0
Exp3_MAG_239	0	2	4	1	0	1	2	0	0	0	0	0	1	0	2	1	2	2
Exp3_MAG_24	1	2	0	1	0	0	1	0	0	1	0	0	0	0	0	0	0	0
Exp3_MAG_240	0	1	1	1	3	0	2	5	0	1	0	0	0	0	1	0	1	1
Exp3_MAG_241	0	0	0	0	0	0	1	2	0	0	0	0	1	0	2	1	1	0
Exp3_MAG_242	0	0	0	1	0	0	0	1	0	0	0	0	0	0	1	0	0	0
Exp3_MAG_243	0	3	0	1	1	0	0	4	0	2	0	0	0	0	2	0	0	0
Exp3_MAG_244	0	4	2	2	0	0	0	1	0	1	0	3	0	0	2	0	0	2
Exp3_MAG_245	0	1	1	2	1	2	1	5	3	4	0	1	0	0	0	0	1	2
Exp3_MAG_246	0	2	0	1	0	0	1	1	1	1	0	0	0	0	0	0	1	0
Exp3_MAG_247	1	0	0	0	0	0	0	0	0	0	0	0	0	0	0	0	0	0
Exp3_MAG_248	1	2	2	1	3	0	1	1	1	4	0	3	0	0	0	0	2	5
Exp3_MAG_249	0	2	0	1	0	0	1	0	0	0	0	0	0	0	0	0	0	0
Exp3_MAG_25	0	0	0	0	0	0	0	1	0	0	0	0	0	0	1	2	1	0
Exp3_MAG_250	0	0	0	1	0	0	0	2	1	0	0	0	0	1	0	0	1	0
Exp3_MAG_251	1	1	0	1	0	0	1	2	0	0	0	0	0	0	0	0	0	0
Exp3_MAG_252	1	1	4	2	1	0	1	1	1	0	0	1	1	0	3	0	2	2
Exp3_MAG_253	1	2	3	2	1	0	2	4	1	0	0	0	1	0	1	0	1	1
Exp3_MAG_254	0	4	2	0	1	0	3	5	0	2	0	0	0	0	3	0	2	0
Exp3_MAG_255	0	1	4	1	0	0	1	2	0	1	0	0	0	1	3	1	1	0
Exp3_MAG_256	0	0	0	1	0	0	2	1	0	1	0	0	0	0	6	0	2	0
Exp3_MAG_257	0	3	1	1	0	0	1	2	0	0	0	0	0	0	1	0	1	1
Exp3_MAG_258	0	0	0	1	0	0	0	1	0	0	0	0	0	0	0	0	0	0
Exp3_MAG_259	0	2	2	2	0	0	2	1	0	0	0	0	0	0	2	0	1	0
Exp3_MAG_26	1	2	1	2	0	0	1	2	0	1	0	0	0	0	1	0	0	1
Exp3_MAG_260	0	0	0	2	0	0	0	0	0	0	0	0	0	0	0	0	0	1
Exp3_MAG_261	0	0	4	2	0	0	2	1	0	1	0	1	0	0	3	0	1	0
Exp3_MAG_262	1	2	5	2	1	2	2	2	0	4	0	5	0	0	5	1	2	3
Exp3_MAG_263	0	2	1	1	0	1	1	2	0	3	0	2	0	0	2	0	1	0
Exp3_MAG_264	1	1	4	1	0	3	0	2	0	0	0	0	1	0	3	0	0	0
Exp3_MAG_265	0	0	0	2	0	0	1	1	2	0	0	0	0	0	0	0	0	0
Exp3_MAG_266	1	0	0	0	1	2	3	1	1	3	0	0	0	0	0	1	1	2
Exp3_MAG_267	0	2	2	1	4	2	2	1	0	0	0	0	0	0	0	0	1	2
Exp3_MAG_268	0	3	0	1	0	0	1	1	0	1	0	0	0	0	0	0	0	0
Exp3_MAG_269	2	0	1	0	0	1	0	0	0	0	0	0	0	0	5	0	2	0
Exp3_MAG_27	0	0	0	1	0	0	0	2	1	0	0	0	1	0	1	1	1	0
Exp3_MAG_270	0	1	3	2	2	2	3	10	0	2	0	1	0	1	4	0	2	1
Exp3_MAG_271	0	1	2	2	0	0	2	1	0	0	0	0	0	0	3	0	0	0
Exp3_MAG_272	0	2	2	1	0	3	1	5	1	4	0	2	0	0	3	0	0	2
Exp3_MAG_273	0	2	0	2	0	2	0	3	0	0	0	1	0	0	2	0	1	0
Exp3_MAG_274	0	1	0	1	0	0	1	1	0	1	0	0	0	0	0	0	0	0
Exp3_MAG_275	0	0	0	1	0	0	0	0	0	0	0	0	0	0	0	0	0	0
Exp3_MAG_276	1	0	0	1	0	0	0	0	0	0	0	0	0	1	0	0	0	0
Exp3_MAG_277	0	0	0	1	0	0	1	2	0	0	0	0	0	0	0	0	1	0
Exp3_MAG_278	1	1	1	3	2	2	3	4	2	2	0	0	1	0	4	0	2	5
Exp3_MAG_279	0	1	2	1	0	0	2	1	1	1	0	0	0	0	2	0	1	1
Exp3_MAG_28	0	0	2	0	0	0	0	0	0	0	0	0	0	0	0	0	1	0
Exp3_MAG_280	0	0	0	1	0	0	0	4	1	0	0	0	0	0	0	0	0	0
Exp3_MAG_281	0	3	2	1	3	1	2	2	0	2	0	1	0	0	0	1	2	1
Exp3_MAG_282	0	0	0	1	0	0	0	5	0	0	0	0	0	0	0	0	0	0
Exp3_MAG_283	0	0	0	0	0	0	0	1	0	0	0	0	0	0	0	0	0	0
Exp3_MAG_284	0	0	1	0	0	0	2	0	0	0	0	0	0	0	0	0	0	0
Exp3_MAG_285	1	0	0	1	0	0	0	1	1	0	0	0	0	0	0	0	0	0
Exp3_MAG_286	0	2	2	1	0	1	1	1	0	2	0	0	0	0	0	0	2	1
Exp3_MAG_287	0	0	1	1	1	0	1	2	0	0	0	0	0	0	1	0	0	0
Exp3_MAG_288	0	0	2	0	0	0	1	0	0	0	0	0	0	0	1	0	0	0
Exp3_MAG_289	0	0	0	0	0	0	0	0	1	0	0	0	0	0	0	0	1	0
Exp3_MAG_29	0	0	1	1	0	0	0	0	0	0	0	0	0	0	0	0	1	0
Exp3_MAG_290	0	1	3	2	0	0	3	1	0	0	0	0	0	0	3	0	1	1
Exp3_MAG_291	0	0	0	1	0	0	0	0	0	0	0	0	0	0	1	0	0	1
Exp3_MAG_3	0	0	0	1	0	0	0	0	0	0	1	0	0	0	0	0	0	0
Exp3_MAG_30	1	2	0	1	0	0	1	1	0	1	0	0	0	0	0	0	0	0
Exp3_MAG_31	0	1	0	0	0	0	1	0	1	1	0	0	0	0	1	2	1	0
Exp3_MAG_32	0	1	2	2	2	0	2	4	0	0	0	1	0	0	4	1	1	0
Exp3_MAG_33	1	3	0	1	0	0	2	2	0	2	0	0	0	0	0	0	0	0
Exp3_MAG_34	1	2	2	1	0	0	1	0	1	0	0	0	0	0	2	0	1	0
Exp3_MAG_36	1	2	0	2	0	0	1	1	0	0	0	0	0	0	1	0	0	0
Exp3_MAG_37	1	0	0	1	0	0	1	1	0	0	0	0	0	0	0	0	0	0
Exp3_MAG_38	1	1	0	1	0	0	0	2	0	0	0	0	0	1	1	0	0	1
Exp3_MAG_39	1	3	1	1	0	1	0	2	1	1	0	0	0	0	2	0	1	0
Exp3_MAG_4	0	0	0	1	0	0	1	0	0	1	0	0	0	0	0	1	1	0
Exp3_MAG_40	1	1	1	2	1	2	2	2	1	0	0	0	0	0	0	1	1	0
Exp3_MAG_41	0	0	0	2	0	0	0	1	0	0	0	0	0	0	1	0	0	0
Exp3_MAG_42	1	2	2	2	2	0	2	3	1	0	0	0	0	0	2	1	1	0
Exp3_MAG_43	0	1	1	2	5	0	0	1	1	1	0	4	0	1	1	0	0	3
Exp3_MAG_44	2	1	2	1	2	0	1	4	1	1	0	2	0	0	1	0	3	2
Exp3_MAG_45	1	0	0	1	1	0	3	0	1	2	0	0	0	0	0	1	0	1
Exp3_MAG_46	1	1	0	1	1	0	0	1	1	2	0	2	0	0	3	0	0	2
Exp3_MAG_47	0	0	0	1	0	0	0	1	0	0	0	0	0	0	0	0	0	0
Exp3_MAG_48	0	0	0	2	0	0	0	1	0	0	0	0	0	0	0	1	0	0
Exp3_MAG_49	1	4	2	2	1	1	2	2	0	3	0	2	0	0	0	0	1	1
Exp3_MAG_5	0	2	2	0	0	0	1	0	0	4	0	1	0	0	0	0	0	1
Exp3_MAG_50	0	1	0	1	0	0	2	1	0	0	0	1	0	0	0	0	0	0
Exp3_MAG_51	1	2	0	1	0	0	1	0	1	1	0	0	0	0	1	0	0	0
Exp3_MAG_52	1	2	0	1	0	0	1	0	1	1	0	0	0	0	1	0	0	0
Exp3_MAG_53	0	2	2	1	0	0	0	1	0	0	0	0	0	0	0	0	1	0
Exp3_MAG_54	0	0	0	1	0	0	0	0	0	0	0	0	0	0	0	0	0	0
Exp3_MAG_55	0	2	0	1	0	0	1	0	0	1	0	0	0	0	0	0	0	0
Exp3_MAG_56	0	1	3	2	0	0	1	0	0	1	0	0	0	0	1	1	1	0
Exp3_MAG_57	1	0	2	1	0	0	2	0	0	2	0	0	0	0	2	0	1	2
Exp3_MAG_58	0	0	2	0	1	0	1	0	0	0	0	0	0	0	1	0	0	0
Exp3_MAG_59	1	2	2	1	0	0	3	0	0	0	0	1	0	0	4	0	1	0
Exp3_MAG_6	0	0	0	0	0	0	0	2	0	1	1	0	0	0	0	0	0	0
Exp3_MAG_60	0	1	1	1	0	0	2	1	0	0	0	0	0	0	0	1	0	0
Exp3_MAG_61	0	1	0	0	0	0	0	2	0	1	0	0	0	0	0	0	0	0
Exp3_MAG_62	0	0	1	0	0	0	0	2	0	0	0	1	0	0	0	0	0	1
Exp3_MAG_64	0	3	4	1	1	0	3	0	0	0	0	0	0	0	4	0	2	2
Exp3_MAG_65	1	2	0	1	0	0	1	0	0	1	0	0	0	0	0	0	0	0
Exp3_MAG_66	0	3	1	2	1	0	1	1	0	1	0	0	0	0	0	0	1	2
Exp3_MAG_67	0	0	0	1	0	0	0	1	1	0	0	0	0	0	0	0	0	0
Exp3_MAG_68	0	0	3	1	0	2	2	4	0	0	0	2	1	0	0	0	1	1
Exp3_MAG_69	1	0	0	1	0	0	0	3	0	0	0	0	0	0	0	0	1	0
Exp3_MAG_7	0	2	0	0	0	0	0	0	0	0	0	0	0	0	0	0	0	0
Exp3_MAG_70	0	0	0	0	0	0	0	1	0	0	0	0	0	0	0	0	0	0
Exp3_MAG_71	0	2	0	1	0	0	1	0	0	1	0	0	0	0	0	0	0	0
Exp3_MAG_72	0	1	0	0	0	0	1	0	0	1	0	0	0	0	0	0	0	0
Exp3_MAG_73	0	0	0	1	0	0	0	1	0	0	1	0	0	0	0	0	0	0
Exp3_MAG_74	0	2	1	2	2	0	2	4	0	3	0	0	0	0	0	0	0	0
Exp3_MAG_75	0	2	0	1	0	0	2	1	0	1	0	0	0	0	0	0	0	0
Exp3_MAG_76	0	2	0	1	0	0	1	0	1	1	0	0	0	0	0	0	0	0
Exp3_MAG_77	0	1	0	0	0	0	0	0	0	0	0	0	0	0	1	0	0	1
Exp3_MAG_78	0	0	0	1	0	0	0	0	0	0	0	0	0	0	0	1	0	0
Exp3_MAG_79	0	2	3	3	0	2	2	5	2	2	0	0	1	0	8	0	2	0
Exp3_MAG_8	0	2	3	3	0	0	3	2	0	0	0	0	1	0	4	0	2	1
Exp3_MAG_80	1	2	0	1	0	0	1	0	0	1	0	0	0	0	0	0	0	0
Exp3_MAG_81	0	0	0	1	0	0	0	1	0	0	0	0	0	0	0	0	0	0
Exp3_MAG_82	0	0	1	0	1	2	1	2	1	0	0	0	0	0	2	0	0	0
Exp3_MAG_83	0	0	0	1	0	0	0	1	0	0	0	0	0	0	0	0	0	0
Exp3_MAG_84	1	0	0	0	0	0	1	1	0	0	0	0	0	0	0	0	0	1
Exp3_MAG_85	0	2	3	0	0	0	1	2	0	0	0	0	0	0	3	0	2	1
Exp3_MAG_86	1	2	0	1	0	0	0	2	1	0	0	0	0	0	2	0	1	2
Exp3_MAG_87	1	0	0	0	0	0	1	1	1	0	0	0	0	0	0	0	0	0
Exp3_MAG_88	0	1	1	1	0	0	0	0	1	0	0	0	0	0	0	0	0	0
Exp3_MAG_89	0	2	0	1	0	0	1	0	0	1	0	0	0	0	0	0	0	0
Exp3_MAG_9	0	0	1	2	0	0	1	2	0	0	0	0	0	0	1	0	0	1
Exp3_MAG_90	0	0	4	2	0	0	1	2	0	0	0	0	0	0	2	1	1	0
Exp3_MAG_91	0	1	0	0	0	0	1	0	0	0	0	0	0	0	0	0	0	0
Exp3_MAG_92	0	0	0	1	0	0	0	0	0	0	0	0	0	0	0	0	0	0
Exp3_MAG_93	0	3	3	1	0	1	2	0	0	1	0	0	0	0	4	0	2	0
Exp3_MAG_94	0	2	2	1	1	1	1	2	0	1	0	1	1	0	1	0	1	0
Exp3_MAG_95	0	0	0	1	0	0	0	0	0	0	0	0	0	0	0	0	0	0
Exp3_MAG_96	0	1	2	1	0	0	0	1	0	0	0	0	0	0	1	0	2	1
Exp3_MAG_97	0	0	0	2	0	0	1	2	0	0	0	0	0	0	1	1	1	0
Exp3_MAG_98	1	1	0	1	0	0	0	1	0	1	0	0	0	0	0	0	0	0
Exp3_MAG_99	0	0	0	1	0	0	0	1	0	0	0	0	0	0	0	0	0	0
GCF_000012925	4	5	2	1	0	0	4	2	0	10	0	0	0	0	0	0	0	1
GCF_000013405	4	4	0	2	0	1	1	0	1	1	0	0	0	0	2	0	0	0
GCF_000267545	0	3	4	1	0	0	2	0	0	1	0	0	1	0	4	1	2	0
GCF_000470885	1	5	2	4	5	8	2	3	6	2	1	8	0	1	7	0	3	7
GCF_000475255	0	2	5	2	1	3	3	0	0	0	0	1	1	0	1	2	1	0
GCF_000475295	0	2	4	2	0	5	1	0	0	0	0	1	2	0	3	1	1	0
GCF_000475315	0	2	5	3	1	3	3	0	0	0	0	1	1	0	2	2	1	0
GCF_000475335	0	1	3	1	1	2	2	0	0	0	0	1	1	0	2	1	1	0
GCF_000475355	1	2	5	3	1	3	3	0	0	0	0	1	1	0	2	2	1	0
GCF_000475375	1	2	6	3	1	4	3	0	0	0	0	1	2	0	4	2	2	0
GCF_000475395	0	2	3	2	0	0	1	4	1	3	0	1	0	0	1	0	2	3
GCF_000475415	0	3	2	2	1	1	2	1	0	1	0	0	1	1	3	1	0	0
GCF_000736435	2	6	1	5	3	8	1	6	5	7	1	6	0	1	10	0	4	9
GCF_000743525	0	0	0	2	0	0	0	0	0	0	0	0	0	0	1	0	0	0
GCF_001190925	3	3	2	4	3	4	2	8	3	3	1	2	1	0	2	1	1	1
GCF_002009335	5	7	5	5	1	0	4	2	0	3	0	0	0	0	5	0	2	3
GCF_002189495	0	1	0	1	0	0	0	1	1	0	0	0	0	0	0	0	0	0
GCF_013423925	0	2	0	2	0	0	1	1	0	1	0	0	1	0	2	3	1	1
GCF_014634705	0	3	3	2	0	2	2	5	1	1	0	3	0	1	3	1	5	1
GCF_015277575	0	3	3	2	0	2	2	0	0	0	0	0	1	0	3	2	1	1
GCF_016584445	1	3	2	3	3	3	2	4	1	2	0	2	1	0	4	0	1	5
GCF_020886775	0	2	0	4	0	0	0	1	2	1	0	0	0	0	1	0	1	2
GCF_026428315	0	4	7	3	2	0	3	1	0	1	0	0	3	0	5	1	0	0
GCF_026428335	0	4	6	2	1	2	2	1	0	0	0	0	1	0	3	2	2	1
GCF_029269135	0	2	6	2	1	2	2	0	0	2	0	0	2	0	2	1	1	0
GCF_029269175	0	3	4	2	0	1	2	2	0	0	0	0	1	0	3	2	1	2
GCF_029269195	0	3	4	2	0	1	2	0	0	0	0	0	1	0	3	2	2	1
GCF_029269225	0	4	6	2	1	0	2	0	0	0	0	0	1	0	3	2	1	1
GCF_029269255	0	4	5	3	1	0	3	1	0	1	0	0	2	0	5	1	0	0
GCF_029269265	2	2	1	1	0	0	2	1	0	1	0	0	1	0	1	2	1	0
GCF_029269295	0	4	6	2	1	0	2	0	0	0	0	0	1	0	3	2	1	1
GCF_031600295	1	3	2	3	3	3	2	5	1	2	0	2	1	0	4	0	1	5
GCF_040170545	0	2	4	3	0	0	3	4	1	0	0	2	0	0	4	0	3	1
GCF_041920355	0	5	0	1	0	1	2	1	1	1	0	0	0	2	4	0	0	3
GCF_041920365	0	3	0	1	0	0	1	0	0	1	0	0	0	1	2	0	0	2
GCF_041920375	0	4	0	4	0	0	4	4	1	5	0	0	0	5	5	0	0	1
GCF_041920425	0	3	0	3	0	1	3	1	0	1	0	0	0	0	3	0	0	1
GCF_041920455	0	4	0	2	1	1	2	1	1	2	0	0	0	1	4	0	0	2
GCF_041920485	0	3	0	1	0	1	1	1	2	2	0	0	0	1	5	0	0	4
GCF_051450025	0	4	5	3	1	0	3	1	0	1	0	0	2	0	5	1	0	0
GROW_101_consensus	0	3	4	3	0	1	2	0	0	0	0	0	1	0	3	2	1	1
GROW_105_consensus	0	5	6	2	2	1	4	0	0	0	0	1	1	0	3	1	2	1
GROW_113_consensus	1	2	2	2	0	0	1	0	1	1	0	0	1	0	2	2	1	1
GROW_115_consensus	0	2	3	2	2	2	2	1	1	1	0	2	1	0	3	0	1	0
GROW_116_consensus	0	2	0	1	0	0	1	0	0	1	0	0	1	0	0	0	0	0
GROW_118_consensus	0	2	0	1	0	0	1	0	0	1	0	0	1	0	0	0	0	0
GROW_123_consensus	0	4	5	3	1	0	3	2	0	1	0	0	1	0	4	1	0	1
GROW_126_consensus	0	2	4	1	0	2	3	0	0	0	0	0	1	0	1	1	1	0
GROW_127_consensus	0	3	1	2	0	0	1	0	0	1	0	0	0	1	1	1	1	0
GROW_128_consensus	0	2	0	2	0	0	0	0	1	1	0	0	0	0	3	0	0	0
GROW_131_consensus	0	0	0	1	0	0	0	1	1	0	0	1	1	0	2	1	1	0
GROW_61_consensus	0	0	0	1	0	0	0	3	1	0	0	0	1	0	1	1	1	0
GROW_67_consensus	0	4	6	2	1	0	2	0	0	0	0	0	1	0	3	2	1	1
GROW_68_consensus	0	4	6	2	2	0	2	0	0	0	0	0	1	0	3	2	1	1
GROW_70_consensus	0	0	0	1	0	0	1	1	1	0	0	0	1	0	1	1	1	0
GROW_72_consensus	0	0	0	1	0	0	0	2	1	0	0	0	1	0	1	1	1	0
GROW_73_consensus	0	0	0	1	0	0	0	3	1	0	0	0	1	0	1	1	1	0
GROW_74_consensus	0	3	6	2	1	1	2	0	0	0	0	0	1	0	3	2	2	1
GROW_76_consensus	0	0	0	1	0	0	1	2	1	0	0	0	1	0	1	1	1	0
GROW_77_consensus	1	2	2	2	0	0	1	0	1	1	0	0	1	0	2	2	1	1
GROW_83_consensus	0	4	6	4	1	1	4	1	0	1	0	1	2	0	3	1	2	0
GROW_93_consensus	0	0	0	1	1	0	2	1	1	0	0	0	1	0	1	1	1	0
L3_medaka	0	0	0	1	0	0	1	0	1	0	0	0	0	0	0	0	0	0
L4_medaka	0	0	0	1	0	0	0	1	1	0	0	0	0	0	1	0	0	0
LMAZ01000003	0	0	2	0	1	0	0	0	0	1	0	0	0	0	0	0	0	0
g_65_medaka	0	2	0	1	0	0	3	2	1	2	0	0	1	0	1	1	1	0
g_66_medaka	0	0	0	2	0	0	1	3	1	0	0	0	1	0	1	1	1	0
g_68A_medaka	0	0	0	1	0	0	1	2	1	0	0	0	1	0	1	1	1	0
